# BEGIN PLOT
Legend=1
LogY=1
DrawOnly=/STAR_2009_I793126/d02-x01-y01 //lustre/haven/proj/UTK0019/chughe26/RIVETAnalyses/STAR_2009_I793126/Rivet.yoda/STAR_2009_I793126:beam=dAU200:cent=GEN/d02-x01-y01
LegendOnly=/STAR_2009_I793126/d02-x01-y01 //lustre/haven/proj/UTK0019/chughe26/RIVETAnalyses/STAR_2009_I793126/Rivet.yoda/STAR_2009_I793126:beam=dAU200:cent=GEN/d02-x01-y01
RatioPlot=1
RatioPlotReference=/STAR_2009_I793126/d02-x01-y01
# END PLOT

# BEGIN HISTO1D /STAR_2009_I793126/d02-x01-y01
ConnectBins=0
ErrorBars=1
IsRef=1
Path=/STAR_2009_I793126/d02-x01-y01
PolyMarker=*
Title=Data
# xlow	 xhigh	 val	 errminus	 errplus
5.000000e-01	5.000000e-01	8.300000e-03	3.600000e-05	3.600000e-05
1.500000e+00	1.500000e+00	1.764100e-02	5.300000e-05	5.300000e-05
2.500000e+00	2.500000e+00	2.092300e-02	5.700000e-05	5.700000e-05
3.500000e+00	3.500000e+00	2.027200e-02	5.600000e-05	5.600000e-05
4.500000e+00	4.500000e+00	1.903700e-02	5.500000e-05	5.500000e-05
5.500000e+00	5.500000e+00	1.748500e-02	5.200000e-05	5.200000e-05
6.500000e+00	6.500000e+00	1.622600e-02	5.100000e-05	5.100000e-05
7.500000e+00	7.500000e+00	1.504700e-02	4.900000e-05	4.900000e-05
8.500000e+00	8.500000e+00	1.394300e-02	4.700000e-05	4.700000e-05
9.500000e+00	9.500000e+00	1.303100e-02	4.500000e-05	4.500000e-05
1.050000e+01	1.050000e+01	1.219400e-02	4.400000e-05	4.400000e-05
1.150000e+01	1.150000e+01	1.141900e-02	4.200000e-05	4.200000e-05
1.250000e+01	1.250000e+01	1.079800e-02	4.100000e-05	4.100000e-05
1.350000e+01	1.350000e+01	1.016400e-02	4.000000e-05	4.000000e-05
1.450000e+01	1.450000e+01	9.675000e-03	3.900000e-05	3.900000e-05
1.550000e+01	1.550000e+01	9.208000e-03	3.800000e-05	3.800000e-05
1.650000e+01	1.650000e+01	8.810000e-03	3.700000e-05	3.700000e-05
1.750000e+01	1.750000e+01	8.416000e-03	3.600000e-05	3.600000e-05
1.850000e+01	1.850000e+01	8.105000e-03	3.600000e-05	3.600000e-05
1.950000e+01	1.950000e+01	7.721000e-03	3.500000e-05	3.500000e-05
2.050000e+01	2.050000e+01	7.513000e-03	3.400000e-05	3.400000e-05
2.150000e+01	2.150000e+01	7.193000e-03	3.400000e-05	3.400000e-05
2.250000e+01	2.250000e+01	6.931000e-03	3.300000e-05	3.300000e-05
2.350000e+01	2.350000e+01	6.751000e-03	3.300000e-05	3.300000e-05
2.450000e+01	2.450000e+01	6.567000e-03	3.200000e-05	3.200000e-05
2.550000e+01	2.550000e+01	6.371000e-03	3.200000e-05	3.200000e-05
2.650000e+01	2.650000e+01	6.190000e-03	3.100000e-05	3.100000e-05
2.750000e+01	2.750000e+01	6.026000e-03	3.100000e-05	3.100000e-05
2.850000e+01	2.850000e+01	5.899000e-03	3.000000e-05	3.000000e-05
2.950000e+01	2.950000e+01	5.715000e-03	3.000000e-05	3.000000e-05
3.050000e+01	3.050000e+01	5.611000e-03	3.000000e-05	3.000000e-05
3.150000e+01	3.150000e+01	5.496000e-03	2.900000e-05	2.900000e-05
3.250000e+01	3.250000e+01	5.374000e-03	2.900000e-05	2.900000e-05
3.350000e+01	3.350000e+01	5.239000e-03	2.900000e-05	2.900000e-05
3.450000e+01	3.450000e+01	5.168000e-03	2.900000e-05	2.900000e-05
3.550000e+01	3.550000e+01	5.074000e-03	2.800000e-05	2.800000e-05
3.650000e+01	3.650000e+01	4.924000e-03	2.800000e-05	2.800000e-05
3.750000e+01	3.750000e+01	4.837000e-03	2.800000e-05	2.800000e-05
3.850000e+01	3.850000e+01	4.753000e-03	2.700000e-05	2.700000e-05
3.950000e+01	3.950000e+01	4.710000e-03	2.700000e-05	2.700000e-05
4.050000e+01	4.050000e+01	4.633000e-03	2.700000e-05	2.700000e-05
4.150000e+01	4.150000e+01	4.527000e-03	2.700000e-05	2.700000e-05
4.250000e+01	4.250000e+01	4.463000e-03	2.600000e-05	2.600000e-05
4.350000e+01	4.350000e+01	4.379000e-03	2.600000e-05	2.600000e-05
4.450000e+01	4.450000e+01	4.301000e-03	2.600000e-05	2.600000e-05
4.550000e+01	4.550000e+01	4.228000e-03	2.600000e-05	2.600000e-05
4.650000e+01	4.650000e+01	4.170000e-03	2.600000e-05	2.600000e-05
4.750000e+01	4.750000e+01	4.118000e-03	2.500000e-05	2.500000e-05
4.850000e+01	4.850000e+01	4.038000e-03	2.500000e-05	2.500000e-05
4.950000e+01	4.950000e+01	4.039000e-03	2.500000e-05	2.500000e-05
5.050000e+01	5.050000e+01	3.942000e-03	2.500000e-05	2.500000e-05
5.150000e+01	5.150000e+01	3.856000e-03	2.500000e-05	2.500000e-05
5.250000e+01	5.250000e+01	3.826000e-03	2.500000e-05	2.500000e-05
5.350000e+01	5.350000e+01	3.805000e-03	2.400000e-05	2.400000e-05
5.450000e+01	5.450000e+01	3.728000e-03	2.400000e-05	2.400000e-05
5.550000e+01	5.550000e+01	3.677000e-03	2.400000e-05	2.400000e-05
5.650000e+01	5.650000e+01	3.661000e-03	2.400000e-05	2.400000e-05
5.750000e+01	5.750000e+01	3.624000e-03	2.400000e-05	2.400000e-05
5.850000e+01	5.850000e+01	3.572000e-03	2.400000e-05	2.400000e-05
5.950000e+01	5.950000e+01	3.473000e-03	2.300000e-05	2.300000e-05
6.050000e+01	6.050000e+01	3.480000e-03	2.300000e-05	2.300000e-05
6.150000e+01	6.150000e+01	3.422000e-03	2.300000e-05	2.300000e-05
6.250000e+01	6.250000e+01	3.447000e-03	2.300000e-05	2.300000e-05
6.350000e+01	6.350000e+01	3.403000e-03	2.300000e-05	2.300000e-05
6.450000e+01	6.450000e+01	3.314000e-03	2.300000e-05	2.300000e-05
6.550000e+01	6.550000e+01	3.313000e-03	2.300000e-05	2.300000e-05
6.650000e+01	6.650000e+01	3.238000e-03	2.300000e-05	2.300000e-05
6.750000e+01	6.750000e+01	3.253000e-03	2.300000e-05	2.300000e-05
6.850000e+01	6.850000e+01	3.201000e-03	2.200000e-05	2.200000e-05
6.950000e+01	6.950000e+01	3.159000e-03	2.200000e-05	2.200000e-05
7.050000e+01	7.050000e+01	3.152000e-03	2.200000e-05	2.200000e-05
7.150000e+01	7.150000e+01	3.089000e-03	2.200000e-05	2.200000e-05
7.250000e+01	7.250000e+01	3.050000e-03	2.200000e-05	2.200000e-05
7.350000e+01	7.350000e+01	3.052000e-03	2.200000e-05	2.200000e-05
7.450000e+01	7.450000e+01	3.032000e-03	2.200000e-05	2.200000e-05
7.550000e+01	7.550000e+01	2.983000e-03	2.200000e-05	2.200000e-05
7.650000e+01	7.650000e+01	2.983000e-03	2.200000e-05	2.200000e-05
7.750000e+01	7.750000e+01	2.943000e-03	2.200000e-05	2.200000e-05
7.850000e+01	7.850000e+01	2.959000e-03	2.200000e-05	2.200000e-05
7.950000e+01	7.950000e+01	2.856000e-03	2.100000e-05	2.100000e-05
8.050000e+01	8.050000e+01	2.879000e-03	2.100000e-05	2.100000e-05
8.150000e+01	8.150000e+01	2.833000e-03	2.100000e-05	2.100000e-05
8.250000e+01	8.250000e+01	2.797000e-03	2.100000e-05	2.100000e-05
8.350000e+01	8.350000e+01	2.760000e-03	2.100000e-05	2.100000e-05
8.450000e+01	8.450000e+01	2.747000e-03	2.100000e-05	2.100000e-05
8.550000e+01	8.550000e+01	2.756000e-03	2.100000e-05	2.100000e-05
8.650000e+01	8.650000e+01	2.692000e-03	2.100000e-05	2.100000e-05
8.750000e+01	8.750000e+01	2.700000e-03	2.100000e-05	2.100000e-05
8.850000e+01	8.850000e+01	2.674000e-03	2.100000e-05	2.100000e-05
8.950000e+01	8.950000e+01	2.659000e-03	2.000000e-05	2.000000e-05
9.050000e+01	9.050000e+01	2.656000e-03	2.000000e-05	2.000000e-05
9.150000e+01	9.150000e+01	2.601000e-03	2.000000e-05	2.000000e-05
9.250000e+01	9.250000e+01	2.551000e-03	2.000000e-05	2.000000e-05
9.350000e+01	9.350000e+01	2.572000e-03	2.000000e-05	2.000000e-05
9.450000e+01	9.450000e+01	2.515000e-03	2.000000e-05	2.000000e-05
9.550000e+01	9.550000e+01	2.549000e-03	2.000000e-05	2.000000e-05
9.650000e+01	9.650000e+01	2.510000e-03	2.000000e-05	2.000000e-05
9.750000e+01	9.750000e+01	2.526000e-03	2.000000e-05	2.000000e-05
9.850000e+01	9.850000e+01	2.481000e-03	2.000000e-05	2.000000e-05
9.950000e+01	9.950000e+01	2.444000e-03	2.000000e-05	2.000000e-05
1.005000e+02	1.005000e+02	2.400000e-03	1.900000e-05	1.900000e-05
1.015000e+02	1.015000e+02	2.378000e-03	1.900000e-05	1.900000e-05
1.025000e+02	1.025000e+02	2.388000e-03	1.900000e-05	1.900000e-05
1.035000e+02	1.035000e+02	2.403000e-03	1.900000e-05	1.900000e-05
1.045000e+02	1.045000e+02	2.392000e-03	1.900000e-05	1.900000e-05
1.055000e+02	1.055000e+02	2.376000e-03	1.900000e-05	1.900000e-05
1.065000e+02	1.065000e+02	2.330000e-03	1.900000e-05	1.900000e-05
1.075000e+02	1.075000e+02	2.335000e-03	1.900000e-05	1.900000e-05
1.085000e+02	1.085000e+02	2.302000e-03	1.900000e-05	1.900000e-05
1.095000e+02	1.095000e+02	2.297000e-03	1.900000e-05	1.900000e-05
1.105000e+02	1.105000e+02	2.269000e-03	1.900000e-05	1.900000e-05
1.115000e+02	1.115000e+02	2.281000e-03	1.900000e-05	1.900000e-05
1.125000e+02	1.125000e+02	2.237000e-03	1.900000e-05	1.900000e-05
1.135000e+02	1.135000e+02	2.241000e-03	1.900000e-05	1.900000e-05
1.145000e+02	1.145000e+02	2.241000e-03	1.900000e-05	1.900000e-05
1.155000e+02	1.155000e+02	2.225000e-03	1.900000e-05	1.900000e-05
1.165000e+02	1.165000e+02	2.215000e-03	1.900000e-05	1.900000e-05
1.175000e+02	1.175000e+02	2.186000e-03	1.900000e-05	1.900000e-05
1.185000e+02	1.185000e+02	2.174000e-03	1.800000e-05	1.800000e-05
1.195000e+02	1.195000e+02	2.138000e-03	1.800000e-05	1.800000e-05
1.205000e+02	1.205000e+02	2.132000e-03	1.800000e-05	1.800000e-05
1.215000e+02	1.215000e+02	2.128000e-03	1.800000e-05	1.800000e-05
1.225000e+02	1.225000e+02	2.137000e-03	1.800000e-05	1.800000e-05
1.235000e+02	1.235000e+02	2.085000e-03	1.800000e-05	1.800000e-05
1.245000e+02	1.245000e+02	2.088000e-03	1.800000e-05	1.800000e-05
1.255000e+02	1.255000e+02	2.041000e-03	1.800000e-05	1.800000e-05
1.265000e+02	1.265000e+02	2.073000e-03	1.800000e-05	1.800000e-05
1.275000e+02	1.275000e+02	2.048000e-03	1.800000e-05	1.800000e-05
1.285000e+02	1.285000e+02	2.035000e-03	1.800000e-05	1.800000e-05
1.295000e+02	1.295000e+02	2.022000e-03	1.800000e-05	1.800000e-05
1.305000e+02	1.305000e+02	2.006000e-03	1.800000e-05	1.800000e-05
1.315000e+02	1.315000e+02	2.021000e-03	1.800000e-05	1.800000e-05
1.325000e+02	1.325000e+02	2.022000e-03	1.800000e-05	1.800000e-05
1.335000e+02	1.335000e+02	1.988000e-03	1.800000e-05	1.800000e-05
1.345000e+02	1.345000e+02	1.984000e-03	1.800000e-05	1.800000e-05
1.355000e+02	1.355000e+02	1.983000e-03	1.800000e-05	1.800000e-05
1.365000e+02	1.365000e+02	1.969000e-03	1.800000e-05	1.800000e-05
1.375000e+02	1.375000e+02	1.927000e-03	1.700000e-05	1.700000e-05
1.385000e+02	1.385000e+02	1.958000e-03	1.800000e-05	1.800000e-05
1.395000e+02	1.395000e+02	1.902000e-03	1.700000e-05	1.700000e-05
1.405000e+02	1.405000e+02	1.895000e-03	1.700000e-05	1.700000e-05
1.415000e+02	1.415000e+02	1.887000e-03	1.700000e-05	1.700000e-05
1.425000e+02	1.425000e+02	1.903000e-03	1.700000e-05	1.700000e-05
1.435000e+02	1.435000e+02	1.864000e-03	1.700000e-05	1.700000e-05
1.445000e+02	1.445000e+02	1.881000e-03	1.700000e-05	1.700000e-05
1.455000e+02	1.455000e+02	1.854000e-03	1.700000e-05	1.700000e-05
1.465000e+02	1.465000e+02	1.857000e-03	1.700000e-05	1.700000e-05
1.475000e+02	1.475000e+02	1.856000e-03	1.700000e-05	1.700000e-05
1.485000e+02	1.485000e+02	1.839000e-03	1.700000e-05	1.700000e-05
1.495000e+02	1.495000e+02	1.835000e-03	1.700000e-05	1.700000e-05
1.505000e+02	1.505000e+02	1.842000e-03	1.700000e-05	1.700000e-05
1.515000e+02	1.515000e+02	1.814000e-03	1.700000e-05	1.700000e-05
1.525000e+02	1.525000e+02	1.786000e-03	1.700000e-05	1.700000e-05
1.535000e+02	1.535000e+02	1.795000e-03	1.700000e-05	1.700000e-05
1.545000e+02	1.545000e+02	1.801000e-03	1.700000e-05	1.700000e-05
1.555000e+02	1.555000e+02	1.743000e-03	1.700000e-05	1.700000e-05
1.565000e+02	1.565000e+02	1.779000e-03	1.700000e-05	1.700000e-05
1.575000e+02	1.575000e+02	1.761000e-03	1.700000e-05	1.700000e-05
1.585000e+02	1.585000e+02	1.769000e-03	1.700000e-05	1.700000e-05
1.595000e+02	1.595000e+02	1.747000e-03	1.700000e-05	1.700000e-05
1.605000e+02	1.605000e+02	1.740000e-03	1.700000e-05	1.700000e-05
1.615000e+02	1.615000e+02	1.723000e-03	1.600000e-05	1.600000e-05
1.625000e+02	1.625000e+02	1.741000e-03	1.700000e-05	1.700000e-05
1.635000e+02	1.635000e+02	1.707000e-03	1.600000e-05	1.600000e-05
1.645000e+02	1.645000e+02	1.743000e-03	1.700000e-05	1.700000e-05
1.655000e+02	1.655000e+02	1.697000e-03	1.600000e-05	1.600000e-05
1.665000e+02	1.665000e+02	1.687000e-03	1.600000e-05	1.600000e-05
1.675000e+02	1.675000e+02	1.709000e-03	1.600000e-05	1.600000e-05
1.685000e+02	1.685000e+02	1.661000e-03	1.600000e-05	1.600000e-05
1.695000e+02	1.695000e+02	1.672000e-03	1.600000e-05	1.600000e-05
1.705000e+02	1.705000e+02	1.641000e-03	1.600000e-05	1.600000e-05
1.715000e+02	1.715000e+02	1.644000e-03	1.600000e-05	1.600000e-05
1.725000e+02	1.725000e+02	1.628000e-03	1.600000e-05	1.600000e-05
1.735000e+02	1.735000e+02	1.628000e-03	1.600000e-05	1.600000e-05
1.745000e+02	1.745000e+02	1.661000e-03	1.600000e-05	1.600000e-05
1.755000e+02	1.755000e+02	1.642000e-03	1.600000e-05	1.600000e-05
1.765000e+02	1.765000e+02	1.641000e-03	1.600000e-05	1.600000e-05
1.775000e+02	1.775000e+02	1.606000e-03	1.600000e-05	1.600000e-05
1.785000e+02	1.785000e+02	1.594000e-03	1.600000e-05	1.600000e-05
1.795000e+02	1.795000e+02	1.584000e-03	1.600000e-05	1.600000e-05
1.805000e+02	1.805000e+02	1.586000e-03	1.600000e-05	1.600000e-05
1.815000e+02	1.815000e+02	1.575000e-03	1.600000e-05	1.600000e-05
1.825000e+02	1.825000e+02	1.593000e-03	1.600000e-05	1.600000e-05
1.835000e+02	1.835000e+02	1.571000e-03	1.600000e-05	1.600000e-05
1.845000e+02	1.845000e+02	1.547000e-03	1.600000e-05	1.600000e-05
1.855000e+02	1.855000e+02	1.562000e-03	1.600000e-05	1.600000e-05
1.865000e+02	1.865000e+02	1.531000e-03	1.600000e-05	1.600000e-05
1.875000e+02	1.875000e+02	1.538000e-03	1.600000e-05	1.600000e-05
1.885000e+02	1.885000e+02	1.558000e-03	1.600000e-05	1.600000e-05
1.895000e+02	1.895000e+02	1.540000e-03	1.600000e-05	1.600000e-05
1.905000e+02	1.905000e+02	1.563000e-03	1.600000e-05	1.600000e-05
1.915000e+02	1.915000e+02	1.528000e-03	1.500000e-05	1.500000e-05
1.925000e+02	1.925000e+02	1.495000e-03	1.500000e-05	1.500000e-05
1.935000e+02	1.935000e+02	1.485000e-03	1.500000e-05	1.500000e-05
1.945000e+02	1.945000e+02	1.510000e-03	1.500000e-05	1.500000e-05
1.955000e+02	1.955000e+02	1.476000e-03	1.500000e-05	1.500000e-05
1.965000e+02	1.965000e+02	1.480000e-03	1.500000e-05	1.500000e-05
1.975000e+02	1.975000e+02	1.500000e-03	1.500000e-05	1.500000e-05
1.985000e+02	1.985000e+02	1.450000e-03	1.500000e-05	1.500000e-05
1.995000e+02	1.995000e+02	1.481000e-03	1.500000e-05	1.500000e-05
2.005000e+02	2.005000e+02	1.480000e-03	1.500000e-05	1.500000e-05
2.015000e+02	2.015000e+02	1.456000e-03	1.500000e-05	1.500000e-05
2.025000e+02	2.025000e+02	1.455000e-03	1.500000e-05	1.500000e-05
2.035000e+02	2.035000e+02	1.414000e-03	1.500000e-05	1.500000e-05
2.045000e+02	2.045000e+02	1.466000e-03	1.500000e-05	1.500000e-05
2.055000e+02	2.055000e+02	1.449000e-03	1.500000e-05	1.500000e-05
2.065000e+02	2.065000e+02	1.419000e-03	1.500000e-05	1.500000e-05
2.075000e+02	2.075000e+02	1.405000e-03	1.500000e-05	1.500000e-05
2.085000e+02	2.085000e+02	1.422000e-03	1.500000e-05	1.500000e-05
2.095000e+02	2.095000e+02	1.391000e-03	1.500000e-05	1.500000e-05
2.105000e+02	2.105000e+02	1.428000e-03	1.500000e-05	1.500000e-05
2.115000e+02	2.115000e+02	1.396000e-03	1.500000e-05	1.500000e-05
2.125000e+02	2.125000e+02	1.405000e-03	1.500000e-05	1.500000e-05
2.135000e+02	2.135000e+02	1.406000e-03	1.500000e-05	1.500000e-05
2.145000e+02	2.145000e+02	1.396000e-03	1.500000e-05	1.500000e-05
2.155000e+02	2.155000e+02	1.383000e-03	1.500000e-05	1.500000e-05
2.165000e+02	2.165000e+02	1.388000e-03	1.500000e-05	1.500000e-05
2.175000e+02	2.175000e+02	1.370000e-03	1.500000e-05	1.500000e-05
2.185000e+02	2.185000e+02	1.360000e-03	1.500000e-05	1.500000e-05
2.195000e+02	2.195000e+02	1.362000e-03	1.500000e-05	1.500000e-05
2.205000e+02	2.205000e+02	1.364000e-03	1.500000e-05	1.500000e-05
2.215000e+02	2.215000e+02	1.346000e-03	1.500000e-05	1.500000e-05
2.225000e+02	2.225000e+02	1.329000e-03	1.400000e-05	1.400000e-05
2.235000e+02	2.235000e+02	1.334000e-03	1.400000e-05	1.400000e-05
2.245000e+02	2.245000e+02	1.337000e-03	1.400000e-05	1.400000e-05
2.255000e+02	2.255000e+02	1.315000e-03	1.400000e-05	1.400000e-05
2.265000e+02	2.265000e+02	1.311000e-03	1.400000e-05	1.400000e-05
2.275000e+02	2.275000e+02	1.320000e-03	1.400000e-05	1.400000e-05
2.285000e+02	2.285000e+02	1.338000e-03	1.500000e-05	1.500000e-05
2.295000e+02	2.295000e+02	1.311000e-03	1.400000e-05	1.400000e-05
2.305000e+02	2.305000e+02	1.308000e-03	1.400000e-05	1.400000e-05
2.315000e+02	2.315000e+02	1.290000e-03	1.400000e-05	1.400000e-05
2.325000e+02	2.325000e+02	1.301000e-03	1.400000e-05	1.400000e-05
2.335000e+02	2.335000e+02	1.299000e-03	1.400000e-05	1.400000e-05
2.345000e+02	2.345000e+02	1.277000e-03	1.400000e-05	1.400000e-05
2.355000e+02	2.355000e+02	1.318000e-03	1.400000e-05	1.400000e-05
2.365000e+02	2.365000e+02	1.283000e-03	1.400000e-05	1.400000e-05
2.375000e+02	2.375000e+02	1.256000e-03	1.400000e-05	1.400000e-05
2.385000e+02	2.385000e+02	1.268000e-03	1.400000e-05	1.400000e-05
2.395000e+02	2.395000e+02	1.269000e-03	1.400000e-05	1.400000e-05
2.405000e+02	2.405000e+02	1.259000e-03	1.400000e-05	1.400000e-05
2.415000e+02	2.415000e+02	1.249000e-03	1.400000e-05	1.400000e-05
2.425000e+02	2.425000e+02	1.265000e-03	1.400000e-05	1.400000e-05
2.435000e+02	2.435000e+02	1.241000e-03	1.400000e-05	1.400000e-05
2.445000e+02	2.445000e+02	1.240000e-03	1.400000e-05	1.400000e-05
2.455000e+02	2.455000e+02	1.240000e-03	1.400000e-05	1.400000e-05
2.465000e+02	2.465000e+02	1.261000e-03	1.400000e-05	1.400000e-05
2.475000e+02	2.475000e+02	1.221000e-03	1.400000e-05	1.400000e-05
2.485000e+02	2.485000e+02	1.214000e-03	1.400000e-05	1.400000e-05
2.495000e+02	2.495000e+02	1.247000e-03	1.400000e-05	1.400000e-05
2.505000e+02	2.505000e+02	1.199000e-03	1.400000e-05	1.400000e-05
2.515000e+02	2.515000e+02	1.216000e-03	1.400000e-05	1.400000e-05
2.525000e+02	2.525000e+02	1.226000e-03	1.400000e-05	1.400000e-05
2.535000e+02	2.535000e+02	1.203000e-03	1.400000e-05	1.400000e-05
2.545000e+02	2.545000e+02	1.201000e-03	1.400000e-05	1.400000e-05
2.555000e+02	2.555000e+02	1.184000e-03	1.400000e-05	1.400000e-05
2.565000e+02	2.565000e+02	1.206000e-03	1.400000e-05	1.400000e-05
2.575000e+02	2.575000e+02	1.192000e-03	1.400000e-05	1.400000e-05
2.585000e+02	2.585000e+02	1.189000e-03	1.400000e-05	1.400000e-05
2.595000e+02	2.595000e+02	1.170000e-03	1.400000e-05	1.400000e-05
2.605000e+02	2.605000e+02	1.168000e-03	1.400000e-05	1.400000e-05
2.615000e+02	2.615000e+02	1.171000e-03	1.400000e-05	1.400000e-05
2.625000e+02	2.625000e+02	1.170000e-03	1.400000e-05	1.400000e-05
2.635000e+02	2.635000e+02	1.174000e-03	1.400000e-05	1.400000e-05
2.645000e+02	2.645000e+02	1.170000e-03	1.400000e-05	1.400000e-05
2.655000e+02	2.655000e+02	1.168000e-03	1.400000e-05	1.400000e-05
2.665000e+02	2.665000e+02	1.150000e-03	1.300000e-05	1.300000e-05
2.675000e+02	2.675000e+02	1.145000e-03	1.300000e-05	1.300000e-05
2.685000e+02	2.685000e+02	1.142000e-03	1.300000e-05	1.300000e-05
2.695000e+02	2.695000e+02	1.158000e-03	1.300000e-05	1.300000e-05
2.705000e+02	2.705000e+02	1.135000e-03	1.300000e-05	1.300000e-05
2.715000e+02	2.715000e+02	1.117000e-03	1.300000e-05	1.300000e-05
2.725000e+02	2.725000e+02	1.137000e-03	1.300000e-05	1.300000e-05
2.735000e+02	2.735000e+02	1.126000e-03	1.300000e-05	1.300000e-05
2.745000e+02	2.745000e+02	1.113000e-03	1.300000e-05	1.300000e-05
2.755000e+02	2.755000e+02	1.094000e-03	1.300000e-05	1.300000e-05
2.765000e+02	2.765000e+02	1.132000e-03	1.300000e-05	1.300000e-05
2.775000e+02	2.775000e+02	1.104000e-03	1.300000e-05	1.300000e-05
2.785000e+02	2.785000e+02	1.087000e-03	1.300000e-05	1.300000e-05
2.795000e+02	2.795000e+02	1.087000e-03	1.300000e-05	1.300000e-05
2.805000e+02	2.805000e+02	1.105000e-03	1.300000e-05	1.300000e-05
2.815000e+02	2.815000e+02	1.097000e-03	1.300000e-05	1.300000e-05
2.825000e+02	2.825000e+02	1.074000e-03	1.300000e-05	1.300000e-05
2.835000e+02	2.835000e+02	1.097000e-03	1.300000e-05	1.300000e-05
2.845000e+02	2.845000e+02	1.079000e-03	1.300000e-05	1.300000e-05
2.855000e+02	2.855000e+02	1.063000e-03	1.300000e-05	1.300000e-05
2.865000e+02	2.865000e+02	1.053000e-03	1.300000e-05	1.300000e-05
2.875000e+02	2.875000e+02	1.081000e-03	1.300000e-05	1.300000e-05
2.885000e+02	2.885000e+02	1.061000e-03	1.300000e-05	1.300000e-05
2.895000e+02	2.895000e+02	1.058000e-03	1.300000e-05	1.300000e-05
2.905000e+02	2.905000e+02	1.060000e-03	1.300000e-05	1.300000e-05
2.915000e+02	2.915000e+02	1.052000e-03	1.300000e-05	1.300000e-05
2.925000e+02	2.925000e+02	1.052000e-03	1.300000e-05	1.300000e-05
2.935000e+02	2.935000e+02	1.043000e-03	1.300000e-05	1.300000e-05
2.945000e+02	2.945000e+02	1.036000e-03	1.300000e-05	1.300000e-05
2.955000e+02	2.955000e+02	1.036000e-03	1.300000e-05	1.300000e-05
2.965000e+02	2.965000e+02	1.017000e-03	1.300000e-05	1.300000e-05
2.975000e+02	2.975000e+02	1.027000e-03	1.300000e-05	1.300000e-05
2.985000e+02	2.985000e+02	1.025000e-03	1.300000e-05	1.300000e-05
2.995000e+02	2.995000e+02	1.038000e-03	1.300000e-05	1.300000e-05
3.005000e+02	3.005000e+02	1.031000e-03	1.300000e-05	1.300000e-05
3.015000e+02	3.015000e+02	1.015000e-03	1.300000e-05	1.300000e-05
3.025000e+02	3.025000e+02	9.950000e-04	1.300000e-05	1.300000e-05
3.035000e+02	3.035000e+02	1.001000e-03	1.300000e-05	1.300000e-05
3.045000e+02	3.045000e+02	1.024000e-03	1.300000e-05	1.300000e-05
3.055000e+02	3.055000e+02	1.021000e-03	1.300000e-05	1.300000e-05
3.065000e+02	3.065000e+02	1.002000e-03	1.300000e-05	1.300000e-05
3.075000e+02	3.075000e+02	9.870000e-04	1.200000e-05	1.200000e-05
3.085000e+02	3.085000e+02	9.920000e-04	1.200000e-05	1.200000e-05
3.095000e+02	3.095000e+02	9.890000e-04	1.200000e-05	1.200000e-05
3.105000e+02	3.105000e+02	9.790000e-04	1.200000e-05	1.200000e-05
3.115000e+02	3.115000e+02	9.840000e-04	1.200000e-05	1.200000e-05
3.125000e+02	3.125000e+02	9.710000e-04	1.200000e-05	1.200000e-05
3.135000e+02	3.135000e+02	9.550000e-04	1.200000e-05	1.200000e-05
3.145000e+02	3.145000e+02	9.800000e-04	1.200000e-05	1.200000e-05
3.155000e+02	3.155000e+02	9.860000e-04	1.200000e-05	1.200000e-05
3.165000e+02	3.165000e+02	9.730000e-04	1.200000e-05	1.200000e-05
3.175000e+02	3.175000e+02	9.690000e-04	1.200000e-05	1.200000e-05
3.185000e+02	3.185000e+02	9.640000e-04	1.200000e-05	1.200000e-05
3.195000e+02	3.195000e+02	9.670000e-04	1.200000e-05	1.200000e-05
3.205000e+02	3.205000e+02	9.520000e-04	1.200000e-05	1.200000e-05
3.215000e+02	3.215000e+02	9.540000e-04	1.200000e-05	1.200000e-05
3.225000e+02	3.225000e+02	9.540000e-04	1.200000e-05	1.200000e-05
3.235000e+02	3.235000e+02	9.260000e-04	1.200000e-05	1.200000e-05
3.245000e+02	3.245000e+02	9.290000e-04	1.200000e-05	1.200000e-05
3.255000e+02	3.255000e+02	9.420000e-04	1.200000e-05	1.200000e-05
3.265000e+02	3.265000e+02	9.310000e-04	1.200000e-05	1.200000e-05
3.275000e+02	3.275000e+02	9.220000e-04	1.200000e-05	1.200000e-05
3.285000e+02	3.285000e+02	9.240000e-04	1.200000e-05	1.200000e-05
3.295000e+02	3.295000e+02	9.170000e-04	1.200000e-05	1.200000e-05
3.305000e+02	3.305000e+02	9.050000e-04	1.200000e-05	1.200000e-05
3.315000e+02	3.315000e+02	9.160000e-04	1.200000e-05	1.200000e-05
3.325000e+02	3.325000e+02	9.110000e-04	1.200000e-05	1.200000e-05
3.335000e+02	3.335000e+02	9.220000e-04	1.200000e-05	1.200000e-05
3.345000e+02	3.345000e+02	9.190000e-04	1.200000e-05	1.200000e-05
3.355000e+02	3.355000e+02	8.990000e-04	1.200000e-05	1.200000e-05
3.365000e+02	3.365000e+02	9.070000e-04	1.200000e-05	1.200000e-05
3.375000e+02	3.375000e+02	9.070000e-04	1.200000e-05	1.200000e-05
3.385000e+02	3.385000e+02	9.030000e-04	1.200000e-05	1.200000e-05
3.395000e+02	3.395000e+02	8.890000e-04	1.200000e-05	1.200000e-05
3.405000e+02	3.405000e+02	8.680000e-04	1.200000e-05	1.200000e-05
3.415000e+02	3.415000e+02	8.900000e-04	1.200000e-05	1.200000e-05
3.425000e+02	3.425000e+02	8.930000e-04	1.200000e-05	1.200000e-05
3.435000e+02	3.435000e+02	8.830000e-04	1.200000e-05	1.200000e-05
3.445000e+02	3.445000e+02	8.740000e-04	1.200000e-05	1.200000e-05
3.455000e+02	3.455000e+02	8.510000e-04	1.200000e-05	1.200000e-05
3.465000e+02	3.465000e+02	8.610000e-04	1.200000e-05	1.200000e-05
3.475000e+02	3.475000e+02	8.680000e-04	1.200000e-05	1.200000e-05
3.485000e+02	3.485000e+02	8.530000e-04	1.200000e-05	1.200000e-05
3.495000e+02	3.495000e+02	8.600000e-04	1.200000e-05	1.200000e-05
3.505000e+02	3.505000e+02	8.660000e-04	1.200000e-05	1.200000e-05
3.515000e+02	3.515000e+02	8.510000e-04	1.200000e-05	1.200000e-05
3.525000e+02	3.525000e+02	8.520000e-04	1.200000e-05	1.200000e-05
3.535000e+02	3.535000e+02	8.340000e-04	1.100000e-05	1.100000e-05
3.545000e+02	3.545000e+02	8.610000e-04	1.200000e-05	1.200000e-05
3.555000e+02	3.555000e+02	8.380000e-04	1.100000e-05	1.100000e-05
3.565000e+02	3.565000e+02	8.300000e-04	1.100000e-05	1.100000e-05
3.575000e+02	3.575000e+02	8.080000e-04	1.100000e-05	1.100000e-05
3.585000e+02	3.585000e+02	8.360000e-04	1.100000e-05	1.100000e-05
3.595000e+02	3.595000e+02	8.130000e-04	1.100000e-05	1.100000e-05
3.605000e+02	3.605000e+02	8.210000e-04	1.100000e-05	1.100000e-05
3.615000e+02	3.615000e+02	8.340000e-04	1.100000e-05	1.100000e-05
3.625000e+02	3.625000e+02	8.210000e-04	1.100000e-05	1.100000e-05
3.635000e+02	3.635000e+02	8.360000e-04	1.100000e-05	1.100000e-05
3.645000e+02	3.645000e+02	8.360000e-04	1.100000e-05	1.100000e-05
3.655000e+02	3.655000e+02	8.240000e-04	1.100000e-05	1.100000e-05
3.665000e+02	3.665000e+02	8.110000e-04	1.100000e-05	1.100000e-05
3.675000e+02	3.675000e+02	7.870000e-04	1.100000e-05	1.100000e-05
3.685000e+02	3.685000e+02	7.940000e-04	1.100000e-05	1.100000e-05
3.695000e+02	3.695000e+02	8.180000e-04	1.100000e-05	1.100000e-05
3.705000e+02	3.705000e+02	7.680000e-04	1.100000e-05	1.100000e-05
3.715000e+02	3.715000e+02	7.980000e-04	1.100000e-05	1.100000e-05
3.725000e+02	3.725000e+02	7.830000e-04	1.100000e-05	1.100000e-05
3.735000e+02	3.735000e+02	7.770000e-04	1.100000e-05	1.100000e-05
3.745000e+02	3.745000e+02	7.730000e-04	1.100000e-05	1.100000e-05
3.755000e+02	3.755000e+02	7.790000e-04	1.100000e-05	1.100000e-05
3.765000e+02	3.765000e+02	7.900000e-04	1.100000e-05	1.100000e-05
3.775000e+02	3.775000e+02	7.520000e-04	1.100000e-05	1.100000e-05
3.785000e+02	3.785000e+02	7.820000e-04	1.100000e-05	1.100000e-05
3.795000e+02	3.795000e+02	7.600000e-04	1.100000e-05	1.100000e-05
3.805000e+02	3.805000e+02	7.570000e-04	1.100000e-05	1.100000e-05
3.815000e+02	3.815000e+02	7.430000e-04	1.100000e-05	1.100000e-05
3.825000e+02	3.825000e+02	7.590000e-04	1.100000e-05	1.100000e-05
3.835000e+02	3.835000e+02	7.620000e-04	1.100000e-05	1.100000e-05
3.845000e+02	3.845000e+02	7.430000e-04	1.100000e-05	1.100000e-05
3.855000e+02	3.855000e+02	7.520000e-04	1.100000e-05	1.100000e-05
3.865000e+02	3.865000e+02	7.350000e-04	1.100000e-05	1.100000e-05
3.875000e+02	3.875000e+02	7.150000e-04	1.100000e-05	1.100000e-05
3.885000e+02	3.885000e+02	7.360000e-04	1.100000e-05	1.100000e-05
3.895000e+02	3.895000e+02	7.210000e-04	1.100000e-05	1.100000e-05
3.905000e+02	3.905000e+02	7.120000e-04	1.100000e-05	1.100000e-05
3.915000e+02	3.915000e+02	7.350000e-04	1.100000e-05	1.100000e-05
3.925000e+02	3.925000e+02	7.030000e-04	1.100000e-05	1.100000e-05
3.935000e+02	3.935000e+02	7.290000e-04	1.100000e-05	1.100000e-05
3.945000e+02	3.945000e+02	7.180000e-04	1.100000e-05	1.100000e-05
3.955000e+02	3.955000e+02	7.100000e-04	1.100000e-05	1.100000e-05
3.965000e+02	3.965000e+02	6.920000e-04	1.000000e-05	1.000000e-05
3.975000e+02	3.975000e+02	7.220000e-04	1.100000e-05	1.100000e-05
3.985000e+02	3.985000e+02	7.030000e-04	1.100000e-05	1.100000e-05
3.995000e+02	3.995000e+02	6.950000e-04	1.000000e-05	1.000000e-05
4.005000e+02	4.005000e+02	6.840000e-04	1.000000e-05	1.000000e-05
4.015000e+02	4.015000e+02	6.930000e-04	1.000000e-05	1.000000e-05
4.025000e+02	4.025000e+02	6.850000e-04	1.000000e-05	1.000000e-05
4.035000e+02	4.035000e+02	7.060000e-04	1.100000e-05	1.100000e-05
4.045000e+02	4.045000e+02	6.570000e-04	1.000000e-05	1.000000e-05
4.055000e+02	4.055000e+02	6.660000e-04	1.000000e-05	1.000000e-05
4.065000e+02	4.065000e+02	6.680000e-04	1.000000e-05	1.000000e-05
4.075000e+02	4.075000e+02	6.540000e-04	1.000000e-05	1.000000e-05
4.085000e+02	4.085000e+02	6.760000e-04	1.000000e-05	1.000000e-05
4.095000e+02	4.095000e+02	6.600000e-04	1.000000e-05	1.000000e-05
4.105000e+02	4.105000e+02	6.290000e-04	1.000000e-05	1.000000e-05
4.115000e+02	4.115000e+02	6.430000e-04	1.000000e-05	1.000000e-05
4.125000e+02	4.125000e+02	6.290000e-04	1.000000e-05	1.000000e-05
4.135000e+02	4.135000e+02	6.520000e-04	1.000000e-05	1.000000e-05
4.145000e+02	4.145000e+02	6.260000e-04	1.000000e-05	1.000000e-05
4.155000e+02	4.155000e+02	6.070000e-04	1.000000e-05	1.000000e-05
4.165000e+02	4.165000e+02	6.050000e-04	1.000000e-05	1.000000e-05
4.175000e+02	4.175000e+02	6.050000e-04	1.000000e-05	1.000000e-05
4.185000e+02	4.185000e+02	5.990000e-04	1.000000e-05	1.000000e-05
4.195000e+02	4.195000e+02	5.770000e-04	1.000000e-05	1.000000e-05
4.205000e+02	4.205000e+02	5.830000e-04	1.000000e-05	1.000000e-05
4.215000e+02	4.215000e+02	5.740000e-04	9.000000e-06	9.000000e-06
4.225000e+02	4.225000e+02	5.890000e-04	1.000000e-05	1.000000e-05
4.235000e+02	4.235000e+02	5.550000e-04	9.000000e-06	9.000000e-06
4.245000e+02	4.245000e+02	5.570000e-04	9.000000e-06	9.000000e-06
4.255000e+02	4.255000e+02	5.350000e-04	9.000000e-06	9.000000e-06
4.265000e+02	4.265000e+02	5.310000e-04	9.000000e-06	9.000000e-06
4.275000e+02	4.275000e+02	5.190000e-04	9.000000e-06	9.000000e-06
4.285000e+02	4.285000e+02	5.050000e-04	9.000000e-06	9.000000e-06
4.295000e+02	4.295000e+02	5.160000e-04	9.000000e-06	9.000000e-06
4.305000e+02	4.305000e+02	5.210000e-04	9.000000e-06	9.000000e-06
4.315000e+02	4.315000e+02	4.940000e-04	9.000000e-06	9.000000e-06
4.325000e+02	4.325000e+02	4.870000e-04	9.000000e-06	9.000000e-06
4.335000e+02	4.335000e+02	4.920000e-04	9.000000e-06	9.000000e-06
4.345000e+02	4.345000e+02	4.800000e-04	9.000000e-06	9.000000e-06
4.355000e+02	4.355000e+02	4.600000e-04	8.000000e-06	8.000000e-06
4.365000e+02	4.365000e+02	4.550000e-04	8.000000e-06	8.000000e-06
4.375000e+02	4.375000e+02	4.670000e-04	9.000000e-06	9.000000e-06
4.385000e+02	4.385000e+02	4.300000e-04	8.000000e-06	8.000000e-06
4.395000e+02	4.395000e+02	4.190000e-04	8.000000e-06	8.000000e-06
4.405000e+02	4.405000e+02	4.170000e-04	8.000000e-06	8.000000e-06
4.415000e+02	4.415000e+02	4.110000e-04	8.000000e-06	8.000000e-06
4.425000e+02	4.425000e+02	3.970000e-04	8.000000e-06	8.000000e-06
4.435000e+02	4.435000e+02	3.800000e-04	8.000000e-06	8.000000e-06
4.445000e+02	4.445000e+02	3.830000e-04	8.000000e-06	8.000000e-06
4.455000e+02	4.455000e+02	3.760000e-04	8.000000e-06	8.000000e-06
4.465000e+02	4.465000e+02	3.470000e-04	7.000000e-06	7.000000e-06
4.475000e+02	4.475000e+02	3.520000e-04	7.000000e-06	7.000000e-06
4.485000e+02	4.485000e+02	3.410000e-04	7.000000e-06	7.000000e-06
4.495000e+02	4.495000e+02	3.210000e-04	7.000000e-06	7.000000e-06
4.505000e+02	4.505000e+02	3.180000e-04	7.000000e-06	7.000000e-06
4.515000e+02	4.515000e+02	2.980000e-04	7.000000e-06	7.000000e-06
4.525000e+02	4.525000e+02	2.860000e-04	7.000000e-06	7.000000e-06
4.535000e+02	4.535000e+02	2.910000e-04	7.000000e-06	7.000000e-06
4.545000e+02	4.545000e+02	2.800000e-04	7.000000e-06	7.000000e-06
4.555000e+02	4.555000e+02	2.610000e-04	6.000000e-06	6.000000e-06
4.565000e+02	4.565000e+02	2.440000e-04	6.000000e-06	6.000000e-06
4.575000e+02	4.575000e+02	2.510000e-04	6.000000e-06	6.000000e-06
4.585000e+02	4.585000e+02	2.340000e-04	6.000000e-06	6.000000e-06
4.595000e+02	4.595000e+02	2.360000e-04	6.000000e-06	6.000000e-06
4.605000e+02	4.605000e+02	2.190000e-04	6.000000e-06	6.000000e-06
4.615000e+02	4.615000e+02	2.160000e-04	6.000000e-06	6.000000e-06
4.625000e+02	4.625000e+02	1.930000e-04	6.000000e-06	6.000000e-06
4.635000e+02	4.635000e+02	2.020000e-04	6.000000e-06	6.000000e-06
4.645000e+02	4.645000e+02	1.790000e-04	5.000000e-06	5.000000e-06
4.655000e+02	4.655000e+02	1.840000e-04	5.000000e-06	5.000000e-06
4.665000e+02	4.665000e+02	1.690000e-04	5.000000e-06	5.000000e-06
4.675000e+02	4.675000e+02	1.680000e-04	5.000000e-06	5.000000e-06
4.685000e+02	4.685000e+02	1.580000e-04	5.000000e-06	5.000000e-06
4.695000e+02	4.695000e+02	1.460000e-04	5.000000e-06	5.000000e-06
4.705000e+02	4.705000e+02	1.490000e-04	5.000000e-06	5.000000e-06
4.715000e+02	4.715000e+02	1.350000e-04	5.000000e-06	5.000000e-06
4.725000e+02	4.725000e+02	1.270000e-04	4.000000e-06	4.000000e-06
4.735000e+02	4.735000e+02	1.160000e-04	4.000000e-06	4.000000e-06
4.745000e+02	4.745000e+02	1.080000e-04	4.000000e-06	4.000000e-06
4.755000e+02	4.755000e+02	1.150000e-04	4.000000e-06	4.000000e-06
4.765000e+02	4.765000e+02	1.060000e-04	4.000000e-06	4.000000e-06
4.775000e+02	4.775000e+02	9.800000e-05	4.000000e-06	4.000000e-06
4.785000e+02	4.785000e+02	9.500000e-05	4.000000e-06	4.000000e-06
4.795000e+02	4.795000e+02	8.800000e-05	4.000000e-06	4.000000e-06
4.805000e+02	4.805000e+02	7.600000e-05	3.000000e-06	3.000000e-06
4.815000e+02	4.815000e+02	8.000000e-05	4.000000e-06	4.000000e-06
4.825000e+02	4.825000e+02	7.300000e-05	3.000000e-06	3.000000e-06
4.835000e+02	4.835000e+02	6.800000e-05	3.000000e-06	3.000000e-06
4.845000e+02	4.845000e+02	6.000000e-05	3.000000e-06	3.000000e-06
4.855000e+02	4.855000e+02	6.200000e-05	3.000000e-06	3.000000e-06
4.865000e+02	4.865000e+02	5.800000e-05	3.000000e-06	3.000000e-06
4.875000e+02	4.875000e+02	4.700000e-05	3.000000e-06	3.000000e-06
4.885000e+02	4.885000e+02	5.400000e-05	3.000000e-06	3.000000e-06
4.895000e+02	4.895000e+02	4.500000e-05	3.000000e-06	3.000000e-06
4.905000e+02	4.905000e+02	4.200000e-05	3.000000e-06	3.000000e-06
4.915000e+02	4.915000e+02	3.900000e-05	2.000000e-06	2.000000e-06
4.925000e+02	4.925000e+02	3.600000e-05	2.000000e-06	2.000000e-06
4.935000e+02	4.935000e+02	3.300000e-05	2.000000e-06	2.000000e-06
4.945000e+02	4.945000e+02	2.800000e-05	2.000000e-06	2.000000e-06
4.955000e+02	4.955000e+02	3.300000e-05	2.000000e-06	2.000000e-06
4.965000e+02	4.965000e+02	3.100000e-05	2.000000e-06	2.000000e-06
4.975000e+02	4.975000e+02	2.600000e-05	2.000000e-06	2.000000e-06
4.985000e+02	4.985000e+02	2.300000e-05	2.000000e-06	2.000000e-06
4.995000e+02	4.995000e+02	1.900000e-05	2.000000e-06	2.000000e-06
5.005000e+02	5.005000e+02	1.700000e-05	2.000000e-06	2.000000e-06
5.015000e+02	5.015000e+02	1.600000e-05	2.000000e-06	2.000000e-06
5.025000e+02	5.025000e+02	1.700000e-05	2.000000e-06	2.000000e-06
5.035000e+02	5.035000e+02	1.300000e-05	1.000000e-06	1.000000e-06
5.045000e+02	5.045000e+02	1.400000e-05	1.000000e-06	1.000000e-06
5.055000e+02	5.055000e+02	1.500000e-05	2.000000e-06	2.000000e-06
5.065000e+02	5.065000e+02	1.200000e-05	1.000000e-06	1.000000e-06
5.075000e+02	5.075000e+02	1.000000e-05	1.000000e-06	1.000000e-06
5.085000e+02	5.085000e+02	9.000000e-06	1.000000e-06	1.000000e-06
5.095000e+02	5.095000e+02	9.000000e-06	1.000000e-06	1.000000e-06
5.105000e+02	5.105000e+02	1.000000e-05	1.000000e-06	1.000000e-06
5.115000e+02	5.115000e+02	7.000000e-06	1.000000e-06	1.000000e-06
5.125000e+02	5.125000e+02	6.000000e-06	1.000000e-06	1.000000e-06
5.135000e+02	5.135000e+02	5.000000e-06	1.000000e-06	1.000000e-06
5.145000e+02	5.145000e+02	6.000000e-06	1.000000e-06	1.000000e-06
5.155000e+02	5.155000e+02	5.000000e-06	1.000000e-06	1.000000e-06
5.165000e+02	5.165000e+02	4.000000e-06	1.000000e-06	1.000000e-06
5.175000e+02	5.175000e+02	5.000000e-06	1.000000e-06	1.000000e-06
5.185000e+02	5.185000e+02	5.000000e-06	1.000000e-06	1.000000e-06
5.195000e+02	5.195000e+02	4.000000e-06	1.000000e-06	1.000000e-06
5.205000e+02	5.205000e+02	4.000000e-06	1.000000e-06	1.000000e-06
5.215000e+02	5.215000e+02	3.000000e-06	1.000000e-06	1.000000e-06
5.225000e+02	5.225000e+02	3.000000e-06	1.000000e-06	1.000000e-06
5.235000e+02	5.235000e+02	2.000000e-06	1.000000e-06	1.000000e-06
5.245000e+02	5.245000e+02	2.000000e-06	1.000000e-06	1.000000e-06
5.255000e+02	5.255000e+02	2.000000e-06	1.000000e-06	1.000000e-06
5.265000e+02	5.265000e+02	1.000000e-10	1.000000e-10	1.000000e-10
5.275000e+02	5.275000e+02	1.000000e-06	1.000000e-10	1.000000e-10
5.285000e+02	5.285000e+02	1.000000e-06	1.000000e-10	1.000000e-10
5.295000e+02	5.295000e+02	1.000000e-06	1.000000e-10	1.000000e-10
5.305000e+02	5.305000e+02	1.000000e-06	1.000000e-10	1.000000e-10
5.315000e+02	5.315000e+02	1.000000e-06	1.000000e-10	1.000000e-10
5.325000e+02	5.325000e+02	1.000000e-06	1.000000e-10	1.000000e-10
5.335000e+02	5.335000e+02	1.000000e-06	1.000000e-10	1.000000e-10
5.345000e+02	5.345000e+02	1.000000e-06	1.000000e-10	1.000000e-10
5.355000e+02	5.355000e+02	1.000000e-10	1.000000e-10	1.000000e-10
5.365000e+02	5.365000e+02	1.000000e-10	1.000000e-10	1.000000e-10
5.375000e+02	5.375000e+02	1.000000e-10	1.000000e-10	1.000000e-10
5.385000e+02	5.385000e+02	1.000000e-06	1.000000e-10	1.000000e-10
5.395000e+02	5.395000e+02	1.000000e-10	1.000000e-10	1.000000e-10
5.405000e+02	5.405000e+02	1.000000e-10	1.000000e-10	1.000000e-10
5.415000e+02	5.415000e+02	1.000000e-10	1.000000e-10	1.000000e-10
5.425000e+02	5.425000e+02	1.000000e-10	1.000000e-10	1.000000e-10
5.435000e+02	5.435000e+02	1.000000e-10	1.000000e-10	1.000000e-10
5.445000e+02	5.445000e+02	1.000000e-10	1.000000e-10	1.000000e-10
5.455000e+02	5.455000e+02	1.000000e-10	1.000000e-10	1.000000e-10
5.465000e+02	5.465000e+02	1.000000e-10	1.000000e-10	1.000000e-10
5.475000e+02	5.475000e+02	1.000000e-10	1.000000e-10	1.000000e-10
5.485000e+02	5.485000e+02	1.000000e-10	1.000000e-10	1.000000e-10
5.495000e+02	5.495000e+02	1.000000e-10	1.000000e-10	1.000000e-10
5.505000e+02	5.505000e+02	1.000000e-10	1.000000e-10	1.000000e-10
5.515000e+02	5.515000e+02	1.000000e-10	1.000000e-10	1.000000e-10
5.525000e+02	5.525000e+02	1.000000e-10	1.000000e-10	1.000000e-10
5.535000e+02	5.535000e+02	1.000000e-10	1.000000e-10	1.000000e-10
5.545000e+02	5.545000e+02	1.000000e-10	1.000000e-10	1.000000e-10
5.555000e+02	5.555000e+02	1.000000e-10	1.000000e-10	1.000000e-10
5.565000e+02	5.565000e+02	1.000000e-10	1.000000e-10	1.000000e-10
5.575000e+02	5.575000e+02	1.000000e-10	1.000000e-10	1.000000e-10
5.585000e+02	5.585000e+02	1.000000e-10	1.000000e-10	1.000000e-10
5.595000e+02	5.595000e+02	1.000000e-10	1.000000e-10	1.000000e-10
5.605000e+02	5.605000e+02	1.000000e-10	1.000000e-10	1.000000e-10
5.615000e+02	5.615000e+02	1.000000e-10	1.000000e-10	1.000000e-10
5.625000e+02	5.625000e+02	1.000000e-10	1.000000e-10	1.000000e-10
5.635000e+02	5.635000e+02	1.000000e-10	1.000000e-10	1.000000e-10
5.645000e+02	5.645000e+02	1.000000e-10	1.000000e-10	1.000000e-10
5.655000e+02	5.655000e+02	1.000000e-10	1.000000e-10	1.000000e-10
5.665000e+02	5.665000e+02	1.000000e-10	1.000000e-10	1.000000e-10
5.675000e+02	5.675000e+02	1.000000e-10	1.000000e-10	1.000000e-10
5.685000e+02	5.685000e+02	1.000000e-10	1.000000e-10	1.000000e-10
5.695000e+02	5.695000e+02	1.000000e-10	1.000000e-10	1.000000e-10
5.705000e+02	5.705000e+02	1.000000e-10	1.000000e-10	1.000000e-10
5.715000e+02	5.715000e+02	1.000000e-10	1.000000e-10	1.000000e-10
5.725000e+02	5.725000e+02	1.000000e-10	1.000000e-10	1.000000e-10
5.735000e+02	5.735000e+02	1.000000e-10	1.000000e-10	1.000000e-10
5.745000e+02	5.745000e+02	1.000000e-10	1.000000e-10	1.000000e-10
5.755000e+02	5.755000e+02	1.000000e-10	1.000000e-10	1.000000e-10
5.765000e+02	5.765000e+02	1.000000e-10	1.000000e-10	1.000000e-10
5.775000e+02	5.775000e+02	1.000000e-10	1.000000e-10	1.000000e-10
5.785000e+02	5.785000e+02	1.000000e-10	1.000000e-10	1.000000e-10
5.795000e+02	5.795000e+02	1.000000e-10	1.000000e-10	1.000000e-10
5.805000e+02	5.805000e+02	1.000000e-10	1.000000e-10	1.000000e-10
5.815000e+02	5.815000e+02	1.000000e-10	1.000000e-10	1.000000e-10
5.825000e+02	5.825000e+02	1.000000e-10	1.000000e-10	1.000000e-10
5.835000e+02	5.835000e+02	1.000000e-10	1.000000e-10	1.000000e-10
5.845000e+02	5.845000e+02	1.000000e-10	1.000000e-10	1.000000e-10
5.855000e+02	5.855000e+02	1.000000e-10	1.000000e-10	1.000000e-10
5.865000e+02	5.865000e+02	1.000000e-10	1.000000e-10	1.000000e-10
5.875000e+02	5.875000e+02	1.000000e-10	1.000000e-10	1.000000e-10
5.885000e+02	5.885000e+02	1.000000e-10	1.000000e-10	1.000000e-10
5.895000e+02	5.895000e+02	1.000000e-10	1.000000e-10	1.000000e-10
5.905000e+02	5.905000e+02	1.000000e-10	1.000000e-10	1.000000e-10
5.915000e+02	5.915000e+02	1.000000e-10	1.000000e-10	1.000000e-10
5.925000e+02	5.925000e+02	1.000000e-10	1.000000e-10	1.000000e-10
5.935000e+02	5.935000e+02	1.000000e-10	1.000000e-10	1.000000e-10
5.945000e+02	5.945000e+02	1.000000e-10	1.000000e-10	1.000000e-10
5.955000e+02	5.955000e+02	1.000000e-10	1.000000e-10	1.000000e-10
5.965000e+02	5.965000e+02	1.000000e-10	1.000000e-10	1.000000e-10
5.975000e+02	5.975000e+02	1.000000e-10	1.000000e-10	1.000000e-10
5.985000e+02	5.985000e+02	1.000000e-10	1.000000e-10	1.000000e-10
5.995000e+02	5.995000e+02	1.000000e-10	1.000000e-10	1.000000e-10
6.005000e+02	6.005000e+02	1.000000e-10	1.000000e-10	1.000000e-10
6.015000e+02	6.015000e+02	1.000000e-10	1.000000e-10	1.000000e-10
6.025000e+02	6.025000e+02	1.000000e-10	1.000000e-10	1.000000e-10
6.035000e+02	6.035000e+02	1.000000e-10	1.000000e-10	1.000000e-10
6.045000e+02	6.045000e+02	1.000000e-10	1.000000e-10	1.000000e-10
6.055000e+02	6.055000e+02	1.000000e-10	1.000000e-10	1.000000e-10
6.065000e+02	6.065000e+02	1.000000e-10	1.000000e-10	1.000000e-10
6.075000e+02	6.075000e+02	1.000000e-10	1.000000e-10	1.000000e-10
6.085000e+02	6.085000e+02	1.000000e-10	1.000000e-10	1.000000e-10
6.095000e+02	6.095000e+02	1.000000e-10	1.000000e-10	1.000000e-10
6.105000e+02	6.105000e+02	1.000000e-10	1.000000e-10	1.000000e-10
6.115000e+02	6.115000e+02	1.000000e-10	1.000000e-10	1.000000e-10
6.125000e+02	6.125000e+02	1.000000e-10	1.000000e-10	1.000000e-10
6.135000e+02	6.135000e+02	1.000000e-10	1.000000e-10	1.000000e-10
6.145000e+02	6.145000e+02	1.000000e-10	1.000000e-10	1.000000e-10
6.155000e+02	6.155000e+02	1.000000e-10	1.000000e-10	1.000000e-10
6.165000e+02	6.165000e+02	1.000000e-10	1.000000e-10	1.000000e-10
6.175000e+02	6.175000e+02	1.000000e-10	1.000000e-10	1.000000e-10
6.185000e+02	6.185000e+02	1.000000e-10	1.000000e-10	1.000000e-10
6.195000e+02	6.195000e+02	1.000000e-10	1.000000e-10	1.000000e-10
6.205000e+02	6.205000e+02	1.000000e-10	1.000000e-10	1.000000e-10
6.215000e+02	6.215000e+02	1.000000e-10	1.000000e-10	1.000000e-10
6.225000e+02	6.225000e+02	1.000000e-10	1.000000e-10	1.000000e-10
6.235000e+02	6.235000e+02	1.000000e-10	1.000000e-10	1.000000e-10
6.245000e+02	6.245000e+02	1.000000e-10	1.000000e-10	1.000000e-10
6.255000e+02	6.255000e+02	1.000000e-10	1.000000e-10	1.000000e-10
6.265000e+02	6.265000e+02	1.000000e-10	1.000000e-10	1.000000e-10
6.275000e+02	6.275000e+02	1.000000e-10	1.000000e-10	1.000000e-10
6.285000e+02	6.285000e+02	1.000000e-10	1.000000e-10	1.000000e-10
6.295000e+02	6.295000e+02	1.000000e-10	1.000000e-10	1.000000e-10
6.305000e+02	6.305000e+02	1.000000e-10	1.000000e-10	1.000000e-10
6.315000e+02	6.315000e+02	1.000000e-10	1.000000e-10	1.000000e-10
6.325000e+02	6.325000e+02	1.000000e-10	1.000000e-10	1.000000e-10
6.335000e+02	6.335000e+02	1.000000e-10	1.000000e-10	1.000000e-10
6.345000e+02	6.345000e+02	1.000000e-10	1.000000e-10	1.000000e-10
6.355000e+02	6.355000e+02	1.000000e-10	1.000000e-10	1.000000e-10
6.365000e+02	6.365000e+02	1.000000e-10	1.000000e-10	1.000000e-10
6.375000e+02	6.375000e+02	1.000000e-10	1.000000e-10	1.000000e-10
6.385000e+02	6.385000e+02	1.000000e-10	1.000000e-10	1.000000e-10
6.395000e+02	6.395000e+02	1.000000e-10	1.000000e-10	1.000000e-10
6.405000e+02	6.405000e+02	1.000000e-10	1.000000e-10	1.000000e-10
6.415000e+02	6.415000e+02	1.000000e-10	1.000000e-10	1.000000e-10
6.425000e+02	6.425000e+02	1.000000e-10	1.000000e-10	1.000000e-10
6.435000e+02	6.435000e+02	1.000000e-10	1.000000e-10	1.000000e-10
6.445000e+02	6.445000e+02	1.000000e-10	1.000000e-10	1.000000e-10
6.455000e+02	6.455000e+02	1.000000e-10	1.000000e-10	1.000000e-10
6.465000e+02	6.465000e+02	1.000000e-10	1.000000e-10	1.000000e-10
6.475000e+02	6.475000e+02	1.000000e-10	1.000000e-10	1.000000e-10
6.485000e+02	6.485000e+02	1.000000e-10	1.000000e-10	1.000000e-10
6.495000e+02	6.495000e+02	1.000000e-10	1.000000e-10	1.000000e-10
6.505000e+02	6.505000e+02	1.000000e-10	1.000000e-10	1.000000e-10
6.515000e+02	6.515000e+02	1.000000e-10	1.000000e-10	1.000000e-10
6.525000e+02	6.525000e+02	1.000000e-10	1.000000e-10	1.000000e-10
6.535000e+02	6.535000e+02	1.000000e-10	1.000000e-10	1.000000e-10
6.545000e+02	6.545000e+02	1.000000e-10	1.000000e-10	1.000000e-10
6.555000e+02	6.555000e+02	1.000000e-10	1.000000e-10	1.000000e-10
6.565000e+02	6.565000e+02	1.000000e-10	1.000000e-10	1.000000e-10
6.575000e+02	6.575000e+02	1.000000e-10	1.000000e-10	1.000000e-10
6.585000e+02	6.585000e+02	1.000000e-10	1.000000e-10	1.000000e-10
6.595000e+02	6.595000e+02	1.000000e-10	1.000000e-10	1.000000e-10
6.605000e+02	6.605000e+02	1.000000e-10	1.000000e-10	1.000000e-10
6.615000e+02	6.615000e+02	1.000000e-10	1.000000e-10	1.000000e-10
6.625000e+02	6.625000e+02	1.000000e-10	1.000000e-10	1.000000e-10
6.635000e+02	6.635000e+02	1.000000e-10	1.000000e-10	1.000000e-10
6.645000e+02	6.645000e+02	1.000000e-10	1.000000e-10	1.000000e-10
6.655000e+02	6.655000e+02	1.000000e-10	1.000000e-10	1.000000e-10
6.665000e+02	6.665000e+02	1.000000e-10	1.000000e-10	1.000000e-10
6.675000e+02	6.675000e+02	1.000000e-10	1.000000e-10	1.000000e-10
6.685000e+02	6.685000e+02	1.000000e-10	1.000000e-10	1.000000e-10
6.695000e+02	6.695000e+02	1.000000e-10	1.000000e-10	1.000000e-10
6.705000e+02	6.705000e+02	1.000000e-10	1.000000e-10	1.000000e-10
6.715000e+02	6.715000e+02	1.000000e-10	1.000000e-10	1.000000e-10
6.725000e+02	6.725000e+02	1.000000e-10	1.000000e-10	1.000000e-10
6.735000e+02	6.735000e+02	1.000000e-10	1.000000e-10	1.000000e-10
6.745000e+02	6.745000e+02	1.000000e-10	1.000000e-10	1.000000e-10
6.755000e+02	6.755000e+02	1.000000e-10	1.000000e-10	1.000000e-10
6.765000e+02	6.765000e+02	1.000000e-10	1.000000e-10	1.000000e-10
6.775000e+02	6.775000e+02	1.000000e-10	1.000000e-10	1.000000e-10
6.785000e+02	6.785000e+02	1.000000e-10	1.000000e-10	1.000000e-10
6.795000e+02	6.795000e+02	1.000000e-10	1.000000e-10	1.000000e-10
6.805000e+02	6.805000e+02	1.000000e-10	1.000000e-10	1.000000e-10
6.815000e+02	6.815000e+02	1.000000e-10	1.000000e-10	1.000000e-10
6.825000e+02	6.825000e+02	1.000000e-10	1.000000e-10	1.000000e-10
6.835000e+02	6.835000e+02	1.000000e-10	1.000000e-10	1.000000e-10
6.845000e+02	6.845000e+02	1.000000e-10	1.000000e-10	1.000000e-10
6.855000e+02	6.855000e+02	1.000000e-10	1.000000e-10	1.000000e-10
6.865000e+02	6.865000e+02	1.000000e-10	1.000000e-10	1.000000e-10
6.875000e+02	6.875000e+02	1.000000e-10	1.000000e-10	1.000000e-10
6.885000e+02	6.885000e+02	1.000000e-10	1.000000e-10	1.000000e-10
6.895000e+02	6.895000e+02	1.000000e-10	1.000000e-10	1.000000e-10
6.905000e+02	6.905000e+02	1.000000e-10	1.000000e-10	1.000000e-10
6.915000e+02	6.915000e+02	1.000000e-10	1.000000e-10	1.000000e-10
6.925000e+02	6.925000e+02	1.000000e-10	1.000000e-10	1.000000e-10
6.935000e+02	6.935000e+02	1.000000e-10	1.000000e-10	1.000000e-10
6.945000e+02	6.945000e+02	1.000000e-10	1.000000e-10	1.000000e-10
6.955000e+02	6.955000e+02	1.000000e-10	1.000000e-10	1.000000e-10
6.965000e+02	6.965000e+02	1.000000e-10	1.000000e-10	1.000000e-10
6.975000e+02	6.975000e+02	1.000000e-10	1.000000e-10	1.000000e-10
6.985000e+02	6.985000e+02	1.000000e-10	1.000000e-10	1.000000e-10
6.995000e+02	6.995000e+02	1.000000e-10	1.000000e-10	1.000000e-10
7.005000e+02	7.005000e+02	1.000000e-10	1.000000e-10	1.000000e-10
7.015000e+02	7.015000e+02	1.000000e-10	1.000000e-10	1.000000e-10
7.025000e+02	7.025000e+02	1.000000e-10	1.000000e-10	1.000000e-10
7.035000e+02	7.035000e+02	1.000000e-10	1.000000e-10	1.000000e-10
7.045000e+02	7.045000e+02	1.000000e-10	1.000000e-10	1.000000e-10
7.055000e+02	7.055000e+02	1.000000e-10	1.000000e-10	1.000000e-10
7.065000e+02	7.065000e+02	1.000000e-10	1.000000e-10	1.000000e-10
7.075000e+02	7.075000e+02	1.000000e-10	1.000000e-10	1.000000e-10
7.085000e+02	7.085000e+02	1.000000e-10	1.000000e-10	1.000000e-10
7.095000e+02	7.095000e+02	1.000000e-10	1.000000e-10	1.000000e-10
7.105000e+02	7.105000e+02	1.000000e-10	1.000000e-10	1.000000e-10
7.115000e+02	7.115000e+02	1.000000e-10	1.000000e-10	1.000000e-10
7.125000e+02	7.125000e+02	1.000000e-10	1.000000e-10	1.000000e-10
7.135000e+02	7.135000e+02	1.000000e-10	1.000000e-10	1.000000e-10
7.145000e+02	7.145000e+02	1.000000e-10	1.000000e-10	1.000000e-10
7.155000e+02	7.155000e+02	1.000000e-10	1.000000e-10	1.000000e-10
7.165000e+02	7.165000e+02	1.000000e-10	1.000000e-10	1.000000e-10
7.175000e+02	7.175000e+02	1.000000e-10	1.000000e-10	1.000000e-10
7.185000e+02	7.185000e+02	1.000000e-10	1.000000e-10	1.000000e-10
7.195000e+02	7.195000e+02	1.000000e-10	1.000000e-10	1.000000e-10
7.205000e+02	7.205000e+02	1.000000e-10	1.000000e-10	1.000000e-10
7.215000e+02	7.215000e+02	1.000000e-10	1.000000e-10	1.000000e-10
7.225000e+02	7.225000e+02	1.000000e-10	1.000000e-10	1.000000e-10
7.235000e+02	7.235000e+02	1.000000e-10	1.000000e-10	1.000000e-10
7.245000e+02	7.245000e+02	1.000000e-10	1.000000e-10	1.000000e-10
7.255000e+02	7.255000e+02	1.000000e-10	1.000000e-10	1.000000e-10
7.265000e+02	7.265000e+02	1.000000e-10	1.000000e-10	1.000000e-10
7.275000e+02	7.275000e+02	1.000000e-10	1.000000e-10	1.000000e-10
7.285000e+02	7.285000e+02	1.000000e-10	1.000000e-10	1.000000e-10
7.295000e+02	7.295000e+02	1.000000e-10	1.000000e-10	1.000000e-10
7.305000e+02	7.305000e+02	1.000000e-10	1.000000e-10	1.000000e-10
7.315000e+02	7.315000e+02	1.000000e-10	1.000000e-10	1.000000e-10
7.325000e+02	7.325000e+02	1.000000e-10	1.000000e-10	1.000000e-10
7.335000e+02	7.335000e+02	1.000000e-10	1.000000e-10	1.000000e-10
7.345000e+02	7.345000e+02	1.000000e-10	1.000000e-10	1.000000e-10
7.355000e+02	7.355000e+02	1.000000e-10	1.000000e-10	1.000000e-10
7.365000e+02	7.365000e+02	1.000000e-10	1.000000e-10	1.000000e-10
7.375000e+02	7.375000e+02	1.000000e-10	1.000000e-10	1.000000e-10
7.385000e+02	7.385000e+02	1.000000e-10	1.000000e-10	1.000000e-10
7.395000e+02	7.395000e+02	1.000000e-10	1.000000e-10	1.000000e-10
7.405000e+02	7.405000e+02	1.000000e-10	1.000000e-10	1.000000e-10
7.415000e+02	7.415000e+02	1.000000e-10	1.000000e-10	1.000000e-10
7.425000e+02	7.425000e+02	1.000000e-10	1.000000e-10	1.000000e-10
7.435000e+02	7.435000e+02	1.000000e-10	1.000000e-10	1.000000e-10
7.445000e+02	7.445000e+02	1.000000e-10	1.000000e-10	1.000000e-10
7.455000e+02	7.455000e+02	1.000000e-10	1.000000e-10	1.000000e-10
7.465000e+02	7.465000e+02	1.000000e-10	1.000000e-10	1.000000e-10
7.475000e+02	7.475000e+02	1.000000e-10	1.000000e-10	1.000000e-10
7.485000e+02	7.485000e+02	1.000000e-10	1.000000e-10	1.000000e-10
7.495000e+02	7.495000e+02	1.000000e-10	1.000000e-10	1.000000e-10
7.505000e+02	7.505000e+02	1.000000e-10	1.000000e-10	1.000000e-10
7.515000e+02	7.515000e+02	1.000000e-10	1.000000e-10	1.000000e-10
7.525000e+02	7.525000e+02	1.000000e-10	1.000000e-10	1.000000e-10
7.535000e+02	7.535000e+02	1.000000e-10	1.000000e-10	1.000000e-10
7.545000e+02	7.545000e+02	1.000000e-10	1.000000e-10	1.000000e-10
7.555000e+02	7.555000e+02	1.000000e-10	1.000000e-10	1.000000e-10
7.565000e+02	7.565000e+02	1.000000e-10	1.000000e-10	1.000000e-10
7.575000e+02	7.575000e+02	1.000000e-10	1.000000e-10	1.000000e-10
7.585000e+02	7.585000e+02	1.000000e-10	1.000000e-10	1.000000e-10
7.595000e+02	7.595000e+02	1.000000e-10	1.000000e-10	1.000000e-10
7.605000e+02	7.605000e+02	1.000000e-10	1.000000e-10	1.000000e-10
7.615000e+02	7.615000e+02	1.000000e-10	1.000000e-10	1.000000e-10
7.625000e+02	7.625000e+02	1.000000e-10	1.000000e-10	1.000000e-10
7.635000e+02	7.635000e+02	1.000000e-10	1.000000e-10	1.000000e-10
7.645000e+02	7.645000e+02	1.000000e-10	1.000000e-10	1.000000e-10
7.655000e+02	7.655000e+02	1.000000e-10	1.000000e-10	1.000000e-10
7.665000e+02	7.665000e+02	1.000000e-10	1.000000e-10	1.000000e-10
7.675000e+02	7.675000e+02	1.000000e-10	1.000000e-10	1.000000e-10
7.685000e+02	7.685000e+02	1.000000e-10	1.000000e-10	1.000000e-10
7.695000e+02	7.695000e+02	1.000000e-10	1.000000e-10	1.000000e-10
7.705000e+02	7.705000e+02	1.000000e-10	1.000000e-10	1.000000e-10
7.715000e+02	7.715000e+02	1.000000e-10	1.000000e-10	1.000000e-10
7.725000e+02	7.725000e+02	1.000000e-10	1.000000e-10	1.000000e-10
7.735000e+02	7.735000e+02	1.000000e-10	1.000000e-10	1.000000e-10
7.745000e+02	7.745000e+02	1.000000e-10	1.000000e-10	1.000000e-10
7.755000e+02	7.755000e+02	1.000000e-10	1.000000e-10	1.000000e-10
7.765000e+02	7.765000e+02	1.000000e-10	1.000000e-10	1.000000e-10
7.775000e+02	7.775000e+02	1.000000e-10	1.000000e-10	1.000000e-10
7.785000e+02	7.785000e+02	1.000000e-10	1.000000e-10	1.000000e-10
7.795000e+02	7.795000e+02	1.000000e-10	1.000000e-10	1.000000e-10
7.805000e+02	7.805000e+02	1.000000e-10	1.000000e-10	1.000000e-10
7.815000e+02	7.815000e+02	1.000000e-10	1.000000e-10	1.000000e-10
7.825000e+02	7.825000e+02	1.000000e-10	1.000000e-10	1.000000e-10
7.835000e+02	7.835000e+02	1.000000e-10	1.000000e-10	1.000000e-10
7.845000e+02	7.845000e+02	1.000000e-10	1.000000e-10	1.000000e-10
7.855000e+02	7.855000e+02	1.000000e-10	1.000000e-10	1.000000e-10
7.865000e+02	7.865000e+02	1.000000e-10	1.000000e-10	1.000000e-10
7.875000e+02	7.875000e+02	1.000000e-10	1.000000e-10	1.000000e-10
7.885000e+02	7.885000e+02	1.000000e-10	1.000000e-10	1.000000e-10
7.895000e+02	7.895000e+02	1.000000e-10	1.000000e-10	1.000000e-10
7.905000e+02	7.905000e+02	1.000000e-10	1.000000e-10	1.000000e-10
7.915000e+02	7.915000e+02	1.000000e-10	1.000000e-10	1.000000e-10
7.925000e+02	7.925000e+02	1.000000e-10	1.000000e-10	1.000000e-10
7.935000e+02	7.935000e+02	1.000000e-10	1.000000e-10	1.000000e-10
7.945000e+02	7.945000e+02	1.000000e-10	1.000000e-10	1.000000e-10
7.955000e+02	7.955000e+02	1.000000e-10	1.000000e-10	1.000000e-10
7.965000e+02	7.965000e+02	1.000000e-10	1.000000e-10	1.000000e-10
7.975000e+02	7.975000e+02	1.000000e-10	1.000000e-10	1.000000e-10
7.985000e+02	7.985000e+02	1.000000e-10	1.000000e-10	1.000000e-10
7.995000e+02	7.995000e+02	1.000000e-10	1.000000e-10	1.000000e-10
# END HISTO1D


# BEGIN HISTO1D //lustre/haven/proj/UTK0019/chughe26/RIVETAnalyses/STAR_2009_I793126/Rivet.yoda/STAR_2009_I793126:beam=dAU200:cent=GEN/d02-x01-y01
LineColor=red
LineStyle=solid
Path=//lustre/haven/proj/UTK0019/chughe26/RIVETAnalyses/STAR_2009_I793126/Rivet.yoda/STAR_2009_I793126:beam=dAU200:cent=GEN/d02-x01-y01
Title=Rivet
# xlow	 xhigh	 val	 errminus	 errplus
5.000000e-01	5.000000e-01	-nan	-nan	-nan
1.500000e+00	1.500000e+00	-nan	-nan	-nan
2.500000e+00	2.500000e+00	-nan	-nan	-nan
3.500000e+00	3.500000e+00	-nan	-nan	-nan
4.500000e+00	4.500000e+00	-nan	-nan	-nan
5.500000e+00	5.500000e+00	-nan	-nan	-nan
6.500000e+00	6.500000e+00	-nan	-nan	-nan
7.500000e+00	7.500000e+00	-nan	-nan	-nan
8.500000e+00	8.500000e+00	-nan	-nan	-nan
9.500000e+00	9.500000e+00	-nan	-nan	-nan
1.050000e+01	1.050000e+01	-nan	-nan	-nan
1.150000e+01	1.150000e+01	-nan	-nan	-nan
1.250000e+01	1.250000e+01	-nan	-nan	-nan
1.350000e+01	1.350000e+01	-nan	-nan	-nan
1.450000e+01	1.450000e+01	-nan	-nan	-nan
1.550000e+01	1.550000e+01	-nan	-nan	-nan
1.650000e+01	1.650000e+01	-nan	-nan	-nan
1.750000e+01	1.750000e+01	-nan	-nan	-nan
1.850000e+01	1.850000e+01	-nan	-nan	-nan
1.950000e+01	1.950000e+01	-nan	-nan	-nan
2.050000e+01	2.050000e+01	-nan	-nan	-nan
2.150000e+01	2.150000e+01	-nan	-nan	-nan
2.250000e+01	2.250000e+01	-nan	-nan	-nan
2.350000e+01	2.350000e+01	-nan	-nan	-nan
2.450000e+01	2.450000e+01	-nan	-nan	-nan
2.550000e+01	2.550000e+01	-nan	-nan	-nan
2.650000e+01	2.650000e+01	-nan	-nan	-nan
2.750000e+01	2.750000e+01	-nan	-nan	-nan
2.850000e+01	2.850000e+01	-nan	-nan	-nan
2.950000e+01	2.950000e+01	-nan	-nan	-nan
3.050000e+01	3.050000e+01	-nan	-nan	-nan
3.150000e+01	3.150000e+01	-nan	-nan	-nan
3.250000e+01	3.250000e+01	-nan	-nan	-nan
3.350000e+01	3.350000e+01	-nan	-nan	-nan
3.450000e+01	3.450000e+01	-nan	-nan	-nan
3.550000e+01	3.550000e+01	-nan	-nan	-nan
3.650000e+01	3.650000e+01	-nan	-nan	-nan
3.750000e+01	3.750000e+01	-nan	-nan	-nan
3.850000e+01	3.850000e+01	-nan	-nan	-nan
3.950000e+01	3.950000e+01	-nan	-nan	-nan
4.050000e+01	4.050000e+01	-nan	-nan	-nan
4.150000e+01	4.150000e+01	-nan	-nan	-nan
4.250000e+01	4.250000e+01	-nan	-nan	-nan
4.350000e+01	4.350000e+01	-nan	-nan	-nan
4.450000e+01	4.450000e+01	-nan	-nan	-nan
4.550000e+01	4.550000e+01	-nan	-nan	-nan
4.650000e+01	4.650000e+01	-nan	-nan	-nan
4.750000e+01	4.750000e+01	-nan	-nan	-nan
4.850000e+01	4.850000e+01	-nan	-nan	-nan
4.950000e+01	4.950000e+01	-nan	-nan	-nan
5.050000e+01	5.050000e+01	-nan	-nan	-nan
5.150000e+01	5.150000e+01	-nan	-nan	-nan
5.250000e+01	5.250000e+01	-nan	-nan	-nan
5.350000e+01	5.350000e+01	-nan	-nan	-nan
5.450000e+01	5.450000e+01	-nan	-nan	-nan
5.550000e+01	5.550000e+01	-nan	-nan	-nan
5.650000e+01	5.650000e+01	-nan	-nan	-nan
5.750000e+01	5.750000e+01	-nan	-nan	-nan
5.850000e+01	5.850000e+01	-nan	-nan	-nan
5.950000e+01	5.950000e+01	-nan	-nan	-nan
6.050000e+01	6.050000e+01	-nan	-nan	-nan
6.150000e+01	6.150000e+01	-nan	-nan	-nan
6.250000e+01	6.250000e+01	-nan	-nan	-nan
6.350000e+01	6.350000e+01	-nan	-nan	-nan
6.450000e+01	6.450000e+01	-nan	-nan	-nan
6.550000e+01	6.550000e+01	-nan	-nan	-nan
6.650000e+01	6.650000e+01	-nan	-nan	-nan
6.750000e+01	6.750000e+01	-nan	-nan	-nan
6.850000e+01	6.850000e+01	-nan	-nan	-nan
6.950000e+01	6.950000e+01	-nan	-nan	-nan
7.050000e+01	7.050000e+01	-nan	-nan	-nan
7.150000e+01	7.150000e+01	-nan	-nan	-nan
7.250000e+01	7.250000e+01	-nan	-nan	-nan
7.350000e+01	7.350000e+01	-nan	-nan	-nan
7.450000e+01	7.450000e+01	-nan	-nan	-nan
7.550000e+01	7.550000e+01	-nan	-nan	-nan
7.650000e+01	7.650000e+01	-nan	-nan	-nan
7.750000e+01	7.750000e+01	-nan	-nan	-nan
7.850000e+01	7.850000e+01	-nan	-nan	-nan
7.950000e+01	7.950000e+01	-nan	-nan	-nan
8.050000e+01	8.050000e+01	-nan	-nan	-nan
8.150000e+01	8.150000e+01	-nan	-nan	-nan
8.250000e+01	8.250000e+01	-nan	-nan	-nan
8.350000e+01	8.350000e+01	-nan	-nan	-nan
8.450000e+01	8.450000e+01	-nan	-nan	-nan
8.550000e+01	8.550000e+01	-nan	-nan	-nan
8.650000e+01	8.650000e+01	-nan	-nan	-nan
8.750000e+01	8.750000e+01	-nan	-nan	-nan
8.850000e+01	8.850000e+01	-nan	-nan	-nan
8.950000e+01	8.950000e+01	-nan	-nan	-nan
9.050000e+01	9.050000e+01	-nan	-nan	-nan
9.150000e+01	9.150000e+01	-nan	-nan	-nan
9.250000e+01	9.250000e+01	-nan	-nan	-nan
9.350000e+01	9.350000e+01	-nan	-nan	-nan
9.450000e+01	9.450000e+01	-nan	-nan	-nan
9.550000e+01	9.550000e+01	-nan	-nan	-nan
9.650000e+01	9.650000e+01	-nan	-nan	-nan
9.750000e+01	9.750000e+01	-nan	-nan	-nan
9.850000e+01	9.850000e+01	-nan	-nan	-nan
9.950000e+01	9.950000e+01	-nan	-nan	-nan
1.005000e+02	1.005000e+02	-nan	-nan	-nan
1.015000e+02	1.015000e+02	-nan	-nan	-nan
1.025000e+02	1.025000e+02	-nan	-nan	-nan
1.035000e+02	1.035000e+02	-nan	-nan	-nan
1.045000e+02	1.045000e+02	-nan	-nan	-nan
1.055000e+02	1.055000e+02	-nan	-nan	-nan
1.065000e+02	1.065000e+02	-nan	-nan	-nan
1.075000e+02	1.075000e+02	-nan	-nan	-nan
1.085000e+02	1.085000e+02	-nan	-nan	-nan
1.095000e+02	1.095000e+02	-nan	-nan	-nan
1.105000e+02	1.105000e+02	-nan	-nan	-nan
1.115000e+02	1.115000e+02	-nan	-nan	-nan
1.125000e+02	1.125000e+02	-nan	-nan	-nan
1.135000e+02	1.135000e+02	-nan	-nan	-nan
1.145000e+02	1.145000e+02	-nan	-nan	-nan
1.155000e+02	1.155000e+02	-nan	-nan	-nan
1.165000e+02	1.165000e+02	-nan	-nan	-nan
1.175000e+02	1.175000e+02	-nan	-nan	-nan
1.185000e+02	1.185000e+02	-nan	-nan	-nan
1.195000e+02	1.195000e+02	-nan	-nan	-nan
1.205000e+02	1.205000e+02	-nan	-nan	-nan
1.215000e+02	1.215000e+02	-nan	-nan	-nan
1.225000e+02	1.225000e+02	-nan	-nan	-nan
1.235000e+02	1.235000e+02	-nan	-nan	-nan
1.245000e+02	1.245000e+02	-nan	-nan	-nan
1.255000e+02	1.255000e+02	-nan	-nan	-nan
1.265000e+02	1.265000e+02	-nan	-nan	-nan
1.275000e+02	1.275000e+02	-nan	-nan	-nan
1.285000e+02	1.285000e+02	-nan	-nan	-nan
1.295000e+02	1.295000e+02	-nan	-nan	-nan
1.305000e+02	1.305000e+02	-nan	-nan	-nan
1.315000e+02	1.315000e+02	-nan	-nan	-nan
1.325000e+02	1.325000e+02	-nan	-nan	-nan
1.335000e+02	1.335000e+02	-nan	-nan	-nan
1.345000e+02	1.345000e+02	-nan	-nan	-nan
1.355000e+02	1.355000e+02	-nan	-nan	-nan
1.365000e+02	1.365000e+02	-nan	-nan	-nan
1.375000e+02	1.375000e+02	-nan	-nan	-nan
1.385000e+02	1.385000e+02	-nan	-nan	-nan
1.395000e+02	1.395000e+02	-nan	-nan	-nan
1.405000e+02	1.405000e+02	-nan	-nan	-nan
1.415000e+02	1.415000e+02	-nan	-nan	-nan
1.425000e+02	1.425000e+02	-nan	-nan	-nan
1.435000e+02	1.435000e+02	-nan	-nan	-nan
1.445000e+02	1.445000e+02	-nan	-nan	-nan
1.455000e+02	1.455000e+02	-nan	-nan	-nan
1.465000e+02	1.465000e+02	-nan	-nan	-nan
1.475000e+02	1.475000e+02	-nan	-nan	-nan
1.485000e+02	1.485000e+02	-nan	-nan	-nan
1.495000e+02	1.495000e+02	-nan	-nan	-nan
1.505000e+02	1.505000e+02	-nan	-nan	-nan
1.515000e+02	1.515000e+02	-nan	-nan	-nan
1.525000e+02	1.525000e+02	-nan	-nan	-nan
1.535000e+02	1.535000e+02	-nan	-nan	-nan
1.545000e+02	1.545000e+02	-nan	-nan	-nan
1.555000e+02	1.555000e+02	-nan	-nan	-nan
1.565000e+02	1.565000e+02	-nan	-nan	-nan
1.575000e+02	1.575000e+02	-nan	-nan	-nan
1.585000e+02	1.585000e+02	-nan	-nan	-nan
1.595000e+02	1.595000e+02	-nan	-nan	-nan
1.605000e+02	1.605000e+02	-nan	-nan	-nan
1.615000e+02	1.615000e+02	-nan	-nan	-nan
1.625000e+02	1.625000e+02	-nan	-nan	-nan
1.635000e+02	1.635000e+02	-nan	-nan	-nan
1.645000e+02	1.645000e+02	-nan	-nan	-nan
1.655000e+02	1.655000e+02	-nan	-nan	-nan
1.665000e+02	1.665000e+02	-nan	-nan	-nan
1.675000e+02	1.675000e+02	-nan	-nan	-nan
1.685000e+02	1.685000e+02	-nan	-nan	-nan
1.695000e+02	1.695000e+02	-nan	-nan	-nan
1.705000e+02	1.705000e+02	-nan	-nan	-nan
1.715000e+02	1.715000e+02	-nan	-nan	-nan
1.725000e+02	1.725000e+02	-nan	-nan	-nan
1.735000e+02	1.735000e+02	-nan	-nan	-nan
1.745000e+02	1.745000e+02	-nan	-nan	-nan
1.755000e+02	1.755000e+02	-nan	-nan	-nan
1.765000e+02	1.765000e+02	-nan	-nan	-nan
1.775000e+02	1.775000e+02	-nan	-nan	-nan
1.785000e+02	1.785000e+02	-nan	-nan	-nan
1.795000e+02	1.795000e+02	-nan	-nan	-nan
1.805000e+02	1.805000e+02	-nan	-nan	-nan
1.815000e+02	1.815000e+02	-nan	-nan	-nan
1.825000e+02	1.825000e+02	-nan	-nan	-nan
1.835000e+02	1.835000e+02	-nan	-nan	-nan
1.845000e+02	1.845000e+02	-nan	-nan	-nan
1.855000e+02	1.855000e+02	-nan	-nan	-nan
1.865000e+02	1.865000e+02	-nan	-nan	-nan
1.875000e+02	1.875000e+02	-nan	-nan	-nan
1.885000e+02	1.885000e+02	-nan	-nan	-nan
1.895000e+02	1.895000e+02	-nan	-nan	-nan
1.905000e+02	1.905000e+02	-nan	-nan	-nan
1.915000e+02	1.915000e+02	-nan	-nan	-nan
1.925000e+02	1.925000e+02	-nan	-nan	-nan
1.935000e+02	1.935000e+02	-nan	-nan	-nan
1.945000e+02	1.945000e+02	-nan	-nan	-nan
1.955000e+02	1.955000e+02	-nan	-nan	-nan
1.965000e+02	1.965000e+02	-nan	-nan	-nan
1.975000e+02	1.975000e+02	-nan	-nan	-nan
1.985000e+02	1.985000e+02	-nan	-nan	-nan
1.995000e+02	1.995000e+02	-nan	-nan	-nan
2.005000e+02	2.005000e+02	-nan	-nan	-nan
2.015000e+02	2.015000e+02	-nan	-nan	-nan
2.025000e+02	2.025000e+02	-nan	-nan	-nan
2.035000e+02	2.035000e+02	-nan	-nan	-nan
2.045000e+02	2.045000e+02	-nan	-nan	-nan
2.055000e+02	2.055000e+02	-nan	-nan	-nan
2.065000e+02	2.065000e+02	-nan	-nan	-nan
2.075000e+02	2.075000e+02	-nan	-nan	-nan
2.085000e+02	2.085000e+02	-nan	-nan	-nan
2.095000e+02	2.095000e+02	-nan	-nan	-nan
2.105000e+02	2.105000e+02	-nan	-nan	-nan
2.115000e+02	2.115000e+02	-nan	-nan	-nan
2.125000e+02	2.125000e+02	-nan	-nan	-nan
2.135000e+02	2.135000e+02	-nan	-nan	-nan
2.145000e+02	2.145000e+02	-nan	-nan	-nan
2.155000e+02	2.155000e+02	-nan	-nan	-nan
2.165000e+02	2.165000e+02	-nan	-nan	-nan
2.175000e+02	2.175000e+02	-nan	-nan	-nan
2.185000e+02	2.185000e+02	-nan	-nan	-nan
2.195000e+02	2.195000e+02	-nan	-nan	-nan
2.205000e+02	2.205000e+02	-nan	-nan	-nan
2.215000e+02	2.215000e+02	-nan	-nan	-nan
2.225000e+02	2.225000e+02	-nan	-nan	-nan
2.235000e+02	2.235000e+02	-nan	-nan	-nan
2.245000e+02	2.245000e+02	-nan	-nan	-nan
2.255000e+02	2.255000e+02	-nan	-nan	-nan
2.265000e+02	2.265000e+02	-nan	-nan	-nan
2.275000e+02	2.275000e+02	-nan	-nan	-nan
2.285000e+02	2.285000e+02	-nan	-nan	-nan
2.295000e+02	2.295000e+02	-nan	-nan	-nan
2.305000e+02	2.305000e+02	-nan	-nan	-nan
2.315000e+02	2.315000e+02	-nan	-nan	-nan
2.325000e+02	2.325000e+02	-nan	-nan	-nan
2.335000e+02	2.335000e+02	-nan	-nan	-nan
2.345000e+02	2.345000e+02	-nan	-nan	-nan
2.355000e+02	2.355000e+02	-nan	-nan	-nan
2.365000e+02	2.365000e+02	-nan	-nan	-nan
2.375000e+02	2.375000e+02	-nan	-nan	-nan
2.385000e+02	2.385000e+02	-nan	-nan	-nan
2.395000e+02	2.395000e+02	-nan	-nan	-nan
2.405000e+02	2.405000e+02	-nan	-nan	-nan
2.415000e+02	2.415000e+02	-nan	-nan	-nan
2.425000e+02	2.425000e+02	-nan	-nan	-nan
2.435000e+02	2.435000e+02	-nan	-nan	-nan
2.445000e+02	2.445000e+02	-nan	-nan	-nan
2.455000e+02	2.455000e+02	-nan	-nan	-nan
2.465000e+02	2.465000e+02	-nan	-nan	-nan
2.475000e+02	2.475000e+02	-nan	-nan	-nan
2.485000e+02	2.485000e+02	-nan	-nan	-nan
2.495000e+02	2.495000e+02	-nan	-nan	-nan
2.505000e+02	2.505000e+02	-nan	-nan	-nan
2.515000e+02	2.515000e+02	-nan	-nan	-nan
2.525000e+02	2.525000e+02	-nan	-nan	-nan
2.535000e+02	2.535000e+02	-nan	-nan	-nan
2.545000e+02	2.545000e+02	-nan	-nan	-nan
2.555000e+02	2.555000e+02	-nan	-nan	-nan
2.565000e+02	2.565000e+02	-nan	-nan	-nan
2.575000e+02	2.575000e+02	-nan	-nan	-nan
2.585000e+02	2.585000e+02	-nan	-nan	-nan
2.595000e+02	2.595000e+02	-nan	-nan	-nan
2.605000e+02	2.605000e+02	-nan	-nan	-nan
2.615000e+02	2.615000e+02	-nan	-nan	-nan
2.625000e+02	2.625000e+02	-nan	-nan	-nan
2.635000e+02	2.635000e+02	-nan	-nan	-nan
2.645000e+02	2.645000e+02	-nan	-nan	-nan
2.655000e+02	2.655000e+02	-nan	-nan	-nan
2.665000e+02	2.665000e+02	-nan	-nan	-nan
2.675000e+02	2.675000e+02	-nan	-nan	-nan
2.685000e+02	2.685000e+02	-nan	-nan	-nan
2.695000e+02	2.695000e+02	-nan	-nan	-nan
2.705000e+02	2.705000e+02	-nan	-nan	-nan
2.715000e+02	2.715000e+02	-nan	-nan	-nan
2.725000e+02	2.725000e+02	-nan	-nan	-nan
2.735000e+02	2.735000e+02	-nan	-nan	-nan
2.745000e+02	2.745000e+02	-nan	-nan	-nan
2.755000e+02	2.755000e+02	-nan	-nan	-nan
2.765000e+02	2.765000e+02	-nan	-nan	-nan
2.775000e+02	2.775000e+02	-nan	-nan	-nan
2.785000e+02	2.785000e+02	-nan	-nan	-nan
2.795000e+02	2.795000e+02	-nan	-nan	-nan
2.805000e+02	2.805000e+02	-nan	-nan	-nan
2.815000e+02	2.815000e+02	-nan	-nan	-nan
2.825000e+02	2.825000e+02	-nan	-nan	-nan
2.835000e+02	2.835000e+02	-nan	-nan	-nan
2.845000e+02	2.845000e+02	-nan	-nan	-nan
2.855000e+02	2.855000e+02	-nan	-nan	-nan
2.865000e+02	2.865000e+02	-nan	-nan	-nan
2.875000e+02	2.875000e+02	-nan	-nan	-nan
2.885000e+02	2.885000e+02	-nan	-nan	-nan
2.895000e+02	2.895000e+02	-nan	-nan	-nan
2.905000e+02	2.905000e+02	-nan	-nan	-nan
2.915000e+02	2.915000e+02	-nan	-nan	-nan
2.925000e+02	2.925000e+02	-nan	-nan	-nan
2.935000e+02	2.935000e+02	-nan	-nan	-nan
2.945000e+02	2.945000e+02	-nan	-nan	-nan
2.955000e+02	2.955000e+02	-nan	-nan	-nan
2.965000e+02	2.965000e+02	-nan	-nan	-nan
2.975000e+02	2.975000e+02	-nan	-nan	-nan
2.985000e+02	2.985000e+02	-nan	-nan	-nan
2.995000e+02	2.995000e+02	-nan	-nan	-nan
3.005000e+02	3.005000e+02	-nan	-nan	-nan
3.015000e+02	3.015000e+02	-nan	-nan	-nan
3.025000e+02	3.025000e+02	-nan	-nan	-nan
3.035000e+02	3.035000e+02	-nan	-nan	-nan
3.045000e+02	3.045000e+02	-nan	-nan	-nan
3.055000e+02	3.055000e+02	-nan	-nan	-nan
3.065000e+02	3.065000e+02	-nan	-nan	-nan
3.075000e+02	3.075000e+02	-nan	-nan	-nan
3.085000e+02	3.085000e+02	-nan	-nan	-nan
3.095000e+02	3.095000e+02	-nan	-nan	-nan
3.105000e+02	3.105000e+02	-nan	-nan	-nan
3.115000e+02	3.115000e+02	-nan	-nan	-nan
3.125000e+02	3.125000e+02	-nan	-nan	-nan
3.135000e+02	3.135000e+02	-nan	-nan	-nan
3.145000e+02	3.145000e+02	-nan	-nan	-nan
3.155000e+02	3.155000e+02	-nan	-nan	-nan
3.165000e+02	3.165000e+02	-nan	-nan	-nan
3.175000e+02	3.175000e+02	-nan	-nan	-nan
3.185000e+02	3.185000e+02	-nan	-nan	-nan
3.195000e+02	3.195000e+02	-nan	-nan	-nan
3.205000e+02	3.205000e+02	-nan	-nan	-nan
3.215000e+02	3.215000e+02	-nan	-nan	-nan
3.225000e+02	3.225000e+02	-nan	-nan	-nan
3.235000e+02	3.235000e+02	-nan	-nan	-nan
3.245000e+02	3.245000e+02	-nan	-nan	-nan
3.255000e+02	3.255000e+02	-nan	-nan	-nan
3.265000e+02	3.265000e+02	-nan	-nan	-nan
3.275000e+02	3.275000e+02	-nan	-nan	-nan
3.285000e+02	3.285000e+02	-nan	-nan	-nan
3.295000e+02	3.295000e+02	-nan	-nan	-nan
3.305000e+02	3.305000e+02	-nan	-nan	-nan
3.315000e+02	3.315000e+02	-nan	-nan	-nan
3.325000e+02	3.325000e+02	-nan	-nan	-nan
3.335000e+02	3.335000e+02	-nan	-nan	-nan
3.345000e+02	3.345000e+02	-nan	-nan	-nan
3.355000e+02	3.355000e+02	-nan	-nan	-nan
3.365000e+02	3.365000e+02	-nan	-nan	-nan
3.375000e+02	3.375000e+02	-nan	-nan	-nan
3.385000e+02	3.385000e+02	-nan	-nan	-nan
3.395000e+02	3.395000e+02	-nan	-nan	-nan
3.405000e+02	3.405000e+02	-nan	-nan	-nan
3.415000e+02	3.415000e+02	-nan	-nan	-nan
3.425000e+02	3.425000e+02	-nan	-nan	-nan
3.435000e+02	3.435000e+02	-nan	-nan	-nan
3.445000e+02	3.445000e+02	-nan	-nan	-nan
3.455000e+02	3.455000e+02	-nan	-nan	-nan
3.465000e+02	3.465000e+02	-nan	-nan	-nan
3.475000e+02	3.475000e+02	-nan	-nan	-nan
3.485000e+02	3.485000e+02	-nan	-nan	-nan
3.495000e+02	3.495000e+02	-nan	-nan	-nan
3.505000e+02	3.505000e+02	-nan	-nan	-nan
3.515000e+02	3.515000e+02	-nan	-nan	-nan
3.525000e+02	3.525000e+02	-nan	-nan	-nan
3.535000e+02	3.535000e+02	-nan	-nan	-nan
3.545000e+02	3.545000e+02	-nan	-nan	-nan
3.555000e+02	3.555000e+02	-nan	-nan	-nan
3.565000e+02	3.565000e+02	-nan	-nan	-nan
3.575000e+02	3.575000e+02	-nan	-nan	-nan
3.585000e+02	3.585000e+02	-nan	-nan	-nan
3.595000e+02	3.595000e+02	-nan	-nan	-nan
3.605000e+02	3.605000e+02	-nan	-nan	-nan
3.615000e+02	3.615000e+02	-nan	-nan	-nan
3.625000e+02	3.625000e+02	-nan	-nan	-nan
3.635000e+02	3.635000e+02	-nan	-nan	-nan
3.645000e+02	3.645000e+02	-nan	-nan	-nan
3.655000e+02	3.655000e+02	-nan	-nan	-nan
3.665000e+02	3.665000e+02	-nan	-nan	-nan
3.675000e+02	3.675000e+02	-nan	-nan	-nan
3.685000e+02	3.685000e+02	-nan	-nan	-nan
3.695000e+02	3.695000e+02	-nan	-nan	-nan
3.705000e+02	3.705000e+02	-nan	-nan	-nan
3.715000e+02	3.715000e+02	-nan	-nan	-nan
3.725000e+02	3.725000e+02	-nan	-nan	-nan
3.735000e+02	3.735000e+02	-nan	-nan	-nan
3.745000e+02	3.745000e+02	-nan	-nan	-nan
3.755000e+02	3.755000e+02	-nan	-nan	-nan
3.765000e+02	3.765000e+02	-nan	-nan	-nan
3.775000e+02	3.775000e+02	-nan	-nan	-nan
3.785000e+02	3.785000e+02	-nan	-nan	-nan
3.795000e+02	3.795000e+02	-nan	-nan	-nan
3.805000e+02	3.805000e+02	-nan	-nan	-nan
3.815000e+02	3.815000e+02	-nan	-nan	-nan
3.825000e+02	3.825000e+02	-nan	-nan	-nan
3.835000e+02	3.835000e+02	-nan	-nan	-nan
3.845000e+02	3.845000e+02	-nan	-nan	-nan
3.855000e+02	3.855000e+02	-nan	-nan	-nan
3.865000e+02	3.865000e+02	-nan	-nan	-nan
3.875000e+02	3.875000e+02	-nan	-nan	-nan
3.885000e+02	3.885000e+02	-nan	-nan	-nan
3.895000e+02	3.895000e+02	-nan	-nan	-nan
3.905000e+02	3.905000e+02	-nan	-nan	-nan
3.915000e+02	3.915000e+02	-nan	-nan	-nan
3.925000e+02	3.925000e+02	-nan	-nan	-nan
3.935000e+02	3.935000e+02	-nan	-nan	-nan
3.945000e+02	3.945000e+02	-nan	-nan	-nan
3.955000e+02	3.955000e+02	-nan	-nan	-nan
3.965000e+02	3.965000e+02	-nan	-nan	-nan
3.975000e+02	3.975000e+02	-nan	-nan	-nan
3.985000e+02	3.985000e+02	-nan	-nan	-nan
3.995000e+02	3.995000e+02	-nan	-nan	-nan
4.005000e+02	4.005000e+02	-nan	-nan	-nan
4.015000e+02	4.015000e+02	-nan	-nan	-nan
4.025000e+02	4.025000e+02	-nan	-nan	-nan
4.035000e+02	4.035000e+02	-nan	-nan	-nan
4.045000e+02	4.045000e+02	-nan	-nan	-nan
4.055000e+02	4.055000e+02	-nan	-nan	-nan
4.065000e+02	4.065000e+02	-nan	-nan	-nan
4.075000e+02	4.075000e+02	-nan	-nan	-nan
4.085000e+02	4.085000e+02	-nan	-nan	-nan
4.095000e+02	4.095000e+02	-nan	-nan	-nan
4.105000e+02	4.105000e+02	-nan	-nan	-nan
4.115000e+02	4.115000e+02	-nan	-nan	-nan
4.125000e+02	4.125000e+02	-nan	-nan	-nan
4.135000e+02	4.135000e+02	-nan	-nan	-nan
4.145000e+02	4.145000e+02	-nan	-nan	-nan
4.155000e+02	4.155000e+02	-nan	-nan	-nan
4.165000e+02	4.165000e+02	-nan	-nan	-nan
4.175000e+02	4.175000e+02	-nan	-nan	-nan
4.185000e+02	4.185000e+02	-nan	-nan	-nan
4.195000e+02	4.195000e+02	-nan	-nan	-nan
4.205000e+02	4.205000e+02	-nan	-nan	-nan
4.215000e+02	4.215000e+02	-nan	-nan	-nan
4.225000e+02	4.225000e+02	-nan	-nan	-nan
4.235000e+02	4.235000e+02	-nan	-nan	-nan
4.245000e+02	4.245000e+02	-nan	-nan	-nan
4.255000e+02	4.255000e+02	-nan	-nan	-nan
4.265000e+02	4.265000e+02	-nan	-nan	-nan
4.275000e+02	4.275000e+02	-nan	-nan	-nan
4.285000e+02	4.285000e+02	-nan	-nan	-nan
4.295000e+02	4.295000e+02	-nan	-nan	-nan
4.305000e+02	4.305000e+02	-nan	-nan	-nan
4.315000e+02	4.315000e+02	-nan	-nan	-nan
4.325000e+02	4.325000e+02	-nan	-nan	-nan
4.335000e+02	4.335000e+02	-nan	-nan	-nan
4.345000e+02	4.345000e+02	-nan	-nan	-nan
4.355000e+02	4.355000e+02	-nan	-nan	-nan
4.365000e+02	4.365000e+02	-nan	-nan	-nan
4.375000e+02	4.375000e+02	-nan	-nan	-nan
4.385000e+02	4.385000e+02	-nan	-nan	-nan
4.395000e+02	4.395000e+02	-nan	-nan	-nan
4.405000e+02	4.405000e+02	-nan	-nan	-nan
4.415000e+02	4.415000e+02	-nan	-nan	-nan
4.425000e+02	4.425000e+02	-nan	-nan	-nan
4.435000e+02	4.435000e+02	-nan	-nan	-nan
4.445000e+02	4.445000e+02	-nan	-nan	-nan
4.455000e+02	4.455000e+02	-nan	-nan	-nan
4.465000e+02	4.465000e+02	-nan	-nan	-nan
4.475000e+02	4.475000e+02	-nan	-nan	-nan
4.485000e+02	4.485000e+02	-nan	-nan	-nan
4.495000e+02	4.495000e+02	-nan	-nan	-nan
4.505000e+02	4.505000e+02	-nan	-nan	-nan
4.515000e+02	4.515000e+02	-nan	-nan	-nan
4.525000e+02	4.525000e+02	-nan	-nan	-nan
4.535000e+02	4.535000e+02	-nan	-nan	-nan
4.545000e+02	4.545000e+02	-nan	-nan	-nan
4.555000e+02	4.555000e+02	-nan	-nan	-nan
4.565000e+02	4.565000e+02	-nan	-nan	-nan
4.575000e+02	4.575000e+02	-nan	-nan	-nan
4.585000e+02	4.585000e+02	-nan	-nan	-nan
4.595000e+02	4.595000e+02	-nan	-nan	-nan
4.605000e+02	4.605000e+02	-nan	-nan	-nan
4.615000e+02	4.615000e+02	-nan	-nan	-nan
4.625000e+02	4.625000e+02	-nan	-nan	-nan
4.635000e+02	4.635000e+02	-nan	-nan	-nan
4.645000e+02	4.645000e+02	-nan	-nan	-nan
4.655000e+02	4.655000e+02	-nan	-nan	-nan
4.665000e+02	4.665000e+02	-nan	-nan	-nan
4.675000e+02	4.675000e+02	-nan	-nan	-nan
4.685000e+02	4.685000e+02	-nan	-nan	-nan
4.695000e+02	4.695000e+02	-nan	-nan	-nan
4.705000e+02	4.705000e+02	-nan	-nan	-nan
4.715000e+02	4.715000e+02	-nan	-nan	-nan
4.725000e+02	4.725000e+02	-nan	-nan	-nan
4.735000e+02	4.735000e+02	-nan	-nan	-nan
4.745000e+02	4.745000e+02	-nan	-nan	-nan
4.755000e+02	4.755000e+02	-nan	-nan	-nan
4.765000e+02	4.765000e+02	-nan	-nan	-nan
4.775000e+02	4.775000e+02	-nan	-nan	-nan
4.785000e+02	4.785000e+02	-nan	-nan	-nan
4.795000e+02	4.795000e+02	-nan	-nan	-nan
4.805000e+02	4.805000e+02	-nan	-nan	-nan
4.815000e+02	4.815000e+02	-nan	-nan	-nan
4.825000e+02	4.825000e+02	-nan	-nan	-nan
4.835000e+02	4.835000e+02	-nan	-nan	-nan
4.845000e+02	4.845000e+02	-nan	-nan	-nan
4.855000e+02	4.855000e+02	-nan	-nan	-nan
4.865000e+02	4.865000e+02	-nan	-nan	-nan
4.875000e+02	4.875000e+02	-nan	-nan	-nan
4.885000e+02	4.885000e+02	-nan	-nan	-nan
4.895000e+02	4.895000e+02	-nan	-nan	-nan
4.905000e+02	4.905000e+02	-nan	-nan	-nan
4.915000e+02	4.915000e+02	-nan	-nan	-nan
4.925000e+02	4.925000e+02	-nan	-nan	-nan
4.935000e+02	4.935000e+02	-nan	-nan	-nan
4.945000e+02	4.945000e+02	-nan	-nan	-nan
4.955000e+02	4.955000e+02	-nan	-nan	-nan
4.965000e+02	4.965000e+02	-nan	-nan	-nan
4.975000e+02	4.975000e+02	-nan	-nan	-nan
4.985000e+02	4.985000e+02	-nan	-nan	-nan
4.995000e+02	4.995000e+02	-nan	-nan	-nan
5.005000e+02	5.005000e+02	-nan	-nan	-nan
5.015000e+02	5.015000e+02	-nan	-nan	-nan
5.025000e+02	5.025000e+02	-nan	-nan	-nan
5.035000e+02	5.035000e+02	-nan	-nan	-nan
5.045000e+02	5.045000e+02	-nan	-nan	-nan
5.055000e+02	5.055000e+02	-nan	-nan	-nan
5.065000e+02	5.065000e+02	-nan	-nan	-nan
5.075000e+02	5.075000e+02	-nan	-nan	-nan
5.085000e+02	5.085000e+02	-nan	-nan	-nan
5.095000e+02	5.095000e+02	-nan	-nan	-nan
5.105000e+02	5.105000e+02	-nan	-nan	-nan
5.115000e+02	5.115000e+02	-nan	-nan	-nan
5.125000e+02	5.125000e+02	-nan	-nan	-nan
5.135000e+02	5.135000e+02	-nan	-nan	-nan
5.145000e+02	5.145000e+02	-nan	-nan	-nan
5.155000e+02	5.155000e+02	-nan	-nan	-nan
5.165000e+02	5.165000e+02	-nan	-nan	-nan
5.175000e+02	5.175000e+02	-nan	-nan	-nan
5.185000e+02	5.185000e+02	-nan	-nan	-nan
5.195000e+02	5.195000e+02	-nan	-nan	-nan
5.205000e+02	5.205000e+02	-nan	-nan	-nan
5.215000e+02	5.215000e+02	-nan	-nan	-nan
5.225000e+02	5.225000e+02	-nan	-nan	-nan
5.235000e+02	5.235000e+02	-nan	-nan	-nan
5.245000e+02	5.245000e+02	-nan	-nan	-nan
5.255000e+02	5.255000e+02	-nan	-nan	-nan
5.265000e+02	5.265000e+02	-nan	-nan	-nan
5.275000e+02	5.275000e+02	-nan	-nan	-nan
5.285000e+02	5.285000e+02	-nan	-nan	-nan
5.295000e+02	5.295000e+02	-nan	-nan	-nan
5.305000e+02	5.305000e+02	-nan	-nan	-nan
5.315000e+02	5.315000e+02	-nan	-nan	-nan
5.325000e+02	5.325000e+02	-nan	-nan	-nan
5.335000e+02	5.335000e+02	-nan	-nan	-nan
5.345000e+02	5.345000e+02	-nan	-nan	-nan
5.355000e+02	5.355000e+02	-nan	-nan	-nan
5.365000e+02	5.365000e+02	-nan	-nan	-nan
5.375000e+02	5.375000e+02	-nan	-nan	-nan
5.385000e+02	5.385000e+02	-nan	-nan	-nan
5.395000e+02	5.395000e+02	-nan	-nan	-nan
5.405000e+02	5.405000e+02	-nan	-nan	-nan
5.415000e+02	5.415000e+02	-nan	-nan	-nan
5.425000e+02	5.425000e+02	-nan	-nan	-nan
5.435000e+02	5.435000e+02	-nan	-nan	-nan
5.445000e+02	5.445000e+02	-nan	-nan	-nan
5.455000e+02	5.455000e+02	-nan	-nan	-nan
5.465000e+02	5.465000e+02	-nan	-nan	-nan
5.475000e+02	5.475000e+02	-nan	-nan	-nan
5.485000e+02	5.485000e+02	-nan	-nan	-nan
5.495000e+02	5.495000e+02	-nan	-nan	-nan
5.505000e+02	5.505000e+02	-nan	-nan	-nan
5.515000e+02	5.515000e+02	-nan	-nan	-nan
5.525000e+02	5.525000e+02	-nan	-nan	-nan
5.535000e+02	5.535000e+02	-nan	-nan	-nan
5.545000e+02	5.545000e+02	-nan	-nan	-nan
5.555000e+02	5.555000e+02	-nan	-nan	-nan
5.565000e+02	5.565000e+02	-nan	-nan	-nan
5.575000e+02	5.575000e+02	-nan	-nan	-nan
5.585000e+02	5.585000e+02	-nan	-nan	-nan
5.595000e+02	5.595000e+02	-nan	-nan	-nan
5.605000e+02	5.605000e+02	-nan	-nan	-nan
5.615000e+02	5.615000e+02	-nan	-nan	-nan
5.625000e+02	5.625000e+02	-nan	-nan	-nan
5.635000e+02	5.635000e+02	-nan	-nan	-nan
5.645000e+02	5.645000e+02	-nan	-nan	-nan
5.655000e+02	5.655000e+02	-nan	-nan	-nan
5.665000e+02	5.665000e+02	-nan	-nan	-nan
5.675000e+02	5.675000e+02	-nan	-nan	-nan
5.685000e+02	5.685000e+02	-nan	-nan	-nan
5.695000e+02	5.695000e+02	-nan	-nan	-nan
5.705000e+02	5.705000e+02	-nan	-nan	-nan
5.715000e+02	5.715000e+02	-nan	-nan	-nan
5.725000e+02	5.725000e+02	-nan	-nan	-nan
5.735000e+02	5.735000e+02	-nan	-nan	-nan
5.745000e+02	5.745000e+02	-nan	-nan	-nan
5.755000e+02	5.755000e+02	-nan	-nan	-nan
5.765000e+02	5.765000e+02	-nan	-nan	-nan
5.775000e+02	5.775000e+02	-nan	-nan	-nan
5.785000e+02	5.785000e+02	-nan	-nan	-nan
5.795000e+02	5.795000e+02	-nan	-nan	-nan
5.805000e+02	5.805000e+02	-nan	-nan	-nan
5.815000e+02	5.815000e+02	-nan	-nan	-nan
5.825000e+02	5.825000e+02	-nan	-nan	-nan
5.835000e+02	5.835000e+02	-nan	-nan	-nan
5.845000e+02	5.845000e+02	-nan	-nan	-nan
5.855000e+02	5.855000e+02	-nan	-nan	-nan
5.865000e+02	5.865000e+02	-nan	-nan	-nan
5.875000e+02	5.875000e+02	-nan	-nan	-nan
5.885000e+02	5.885000e+02	-nan	-nan	-nan
5.895000e+02	5.895000e+02	-nan	-nan	-nan
5.905000e+02	5.905000e+02	-nan	-nan	-nan
5.915000e+02	5.915000e+02	-nan	-nan	-nan
5.925000e+02	5.925000e+02	-nan	-nan	-nan
5.935000e+02	5.935000e+02	-nan	-nan	-nan
5.945000e+02	5.945000e+02	-nan	-nan	-nan
5.955000e+02	5.955000e+02	-nan	-nan	-nan
5.965000e+02	5.965000e+02	-nan	-nan	-nan
5.975000e+02	5.975000e+02	-nan	-nan	-nan
5.985000e+02	5.985000e+02	-nan	-nan	-nan
5.995000e+02	5.995000e+02	-nan	-nan	-nan
6.005000e+02	6.005000e+02	-nan	-nan	-nan
6.015000e+02	6.015000e+02	-nan	-nan	-nan
6.025000e+02	6.025000e+02	-nan	-nan	-nan
6.035000e+02	6.035000e+02	-nan	-nan	-nan
6.045000e+02	6.045000e+02	-nan	-nan	-nan
6.055000e+02	6.055000e+02	-nan	-nan	-nan
6.065000e+02	6.065000e+02	-nan	-nan	-nan
6.075000e+02	6.075000e+02	-nan	-nan	-nan
6.085000e+02	6.085000e+02	-nan	-nan	-nan
6.095000e+02	6.095000e+02	-nan	-nan	-nan
6.105000e+02	6.105000e+02	-nan	-nan	-nan
6.115000e+02	6.115000e+02	-nan	-nan	-nan
6.125000e+02	6.125000e+02	-nan	-nan	-nan
6.135000e+02	6.135000e+02	-nan	-nan	-nan
6.145000e+02	6.145000e+02	-nan	-nan	-nan
6.155000e+02	6.155000e+02	-nan	-nan	-nan
6.165000e+02	6.165000e+02	-nan	-nan	-nan
6.175000e+02	6.175000e+02	-nan	-nan	-nan
6.185000e+02	6.185000e+02	-nan	-nan	-nan
6.195000e+02	6.195000e+02	-nan	-nan	-nan
6.205000e+02	6.205000e+02	-nan	-nan	-nan
6.215000e+02	6.215000e+02	-nan	-nan	-nan
6.225000e+02	6.225000e+02	-nan	-nan	-nan
6.235000e+02	6.235000e+02	-nan	-nan	-nan
6.245000e+02	6.245000e+02	-nan	-nan	-nan
6.255000e+02	6.255000e+02	-nan	-nan	-nan
6.265000e+02	6.265000e+02	-nan	-nan	-nan
6.275000e+02	6.275000e+02	-nan	-nan	-nan
6.285000e+02	6.285000e+02	-nan	-nan	-nan
6.295000e+02	6.295000e+02	-nan	-nan	-nan
6.305000e+02	6.305000e+02	-nan	-nan	-nan
6.315000e+02	6.315000e+02	-nan	-nan	-nan
6.325000e+02	6.325000e+02	-nan	-nan	-nan
6.335000e+02	6.335000e+02	-nan	-nan	-nan
6.345000e+02	6.345000e+02	-nan	-nan	-nan
6.355000e+02	6.355000e+02	-nan	-nan	-nan
6.365000e+02	6.365000e+02	-nan	-nan	-nan
6.375000e+02	6.375000e+02	-nan	-nan	-nan
6.385000e+02	6.385000e+02	-nan	-nan	-nan
6.395000e+02	6.395000e+02	-nan	-nan	-nan
6.405000e+02	6.405000e+02	-nan	-nan	-nan
6.415000e+02	6.415000e+02	-nan	-nan	-nan
6.425000e+02	6.425000e+02	-nan	-nan	-nan
6.435000e+02	6.435000e+02	-nan	-nan	-nan
6.445000e+02	6.445000e+02	-nan	-nan	-nan
6.455000e+02	6.455000e+02	-nan	-nan	-nan
6.465000e+02	6.465000e+02	-nan	-nan	-nan
6.475000e+02	6.475000e+02	-nan	-nan	-nan
6.485000e+02	6.485000e+02	-nan	-nan	-nan
6.495000e+02	6.495000e+02	-nan	-nan	-nan
6.505000e+02	6.505000e+02	-nan	-nan	-nan
6.515000e+02	6.515000e+02	-nan	-nan	-nan
6.525000e+02	6.525000e+02	-nan	-nan	-nan
6.535000e+02	6.535000e+02	-nan	-nan	-nan
6.545000e+02	6.545000e+02	-nan	-nan	-nan
6.555000e+02	6.555000e+02	-nan	-nan	-nan
6.565000e+02	6.565000e+02	-nan	-nan	-nan
6.575000e+02	6.575000e+02	-nan	-nan	-nan
6.585000e+02	6.585000e+02	-nan	-nan	-nan
6.595000e+02	6.595000e+02	-nan	-nan	-nan
6.605000e+02	6.605000e+02	-nan	-nan	-nan
6.615000e+02	6.615000e+02	-nan	-nan	-nan
6.625000e+02	6.625000e+02	-nan	-nan	-nan
6.635000e+02	6.635000e+02	-nan	-nan	-nan
6.645000e+02	6.645000e+02	-nan	-nan	-nan
6.655000e+02	6.655000e+02	-nan	-nan	-nan
6.665000e+02	6.665000e+02	-nan	-nan	-nan
6.675000e+02	6.675000e+02	-nan	-nan	-nan
6.685000e+02	6.685000e+02	-nan	-nan	-nan
6.695000e+02	6.695000e+02	-nan	-nan	-nan
6.705000e+02	6.705000e+02	-nan	-nan	-nan
6.715000e+02	6.715000e+02	-nan	-nan	-nan
6.725000e+02	6.725000e+02	-nan	-nan	-nan
6.735000e+02	6.735000e+02	-nan	-nan	-nan
6.745000e+02	6.745000e+02	-nan	-nan	-nan
6.755000e+02	6.755000e+02	-nan	-nan	-nan
6.765000e+02	6.765000e+02	-nan	-nan	-nan
6.775000e+02	6.775000e+02	-nan	-nan	-nan
6.785000e+02	6.785000e+02	-nan	-nan	-nan
6.795000e+02	6.795000e+02	-nan	-nan	-nan
6.805000e+02	6.805000e+02	-nan	-nan	-nan
6.815000e+02	6.815000e+02	-nan	-nan	-nan
6.825000e+02	6.825000e+02	-nan	-nan	-nan
6.835000e+02	6.835000e+02	-nan	-nan	-nan
6.845000e+02	6.845000e+02	-nan	-nan	-nan
6.855000e+02	6.855000e+02	-nan	-nan	-nan
6.865000e+02	6.865000e+02	-nan	-nan	-nan
6.875000e+02	6.875000e+02	-nan	-nan	-nan
6.885000e+02	6.885000e+02	-nan	-nan	-nan
6.895000e+02	6.895000e+02	-nan	-nan	-nan
6.905000e+02	6.905000e+02	-nan	-nan	-nan
6.915000e+02	6.915000e+02	-nan	-nan	-nan
6.925000e+02	6.925000e+02	-nan	-nan	-nan
6.935000e+02	6.935000e+02	-nan	-nan	-nan
6.945000e+02	6.945000e+02	-nan	-nan	-nan
6.955000e+02	6.955000e+02	-nan	-nan	-nan
6.965000e+02	6.965000e+02	-nan	-nan	-nan
6.975000e+02	6.975000e+02	-nan	-nan	-nan
6.985000e+02	6.985000e+02	-nan	-nan	-nan
6.995000e+02	6.995000e+02	-nan	-nan	-nan
7.005000e+02	7.005000e+02	-nan	-nan	-nan
7.015000e+02	7.015000e+02	-nan	-nan	-nan
7.025000e+02	7.025000e+02	-nan	-nan	-nan
7.035000e+02	7.035000e+02	-nan	-nan	-nan
7.045000e+02	7.045000e+02	-nan	-nan	-nan
7.055000e+02	7.055000e+02	-nan	-nan	-nan
7.065000e+02	7.065000e+02	-nan	-nan	-nan
7.075000e+02	7.075000e+02	-nan	-nan	-nan
7.085000e+02	7.085000e+02	-nan	-nan	-nan
7.095000e+02	7.095000e+02	-nan	-nan	-nan
7.105000e+02	7.105000e+02	-nan	-nan	-nan
7.115000e+02	7.115000e+02	-nan	-nan	-nan
7.125000e+02	7.125000e+02	-nan	-nan	-nan
7.135000e+02	7.135000e+02	-nan	-nan	-nan
7.145000e+02	7.145000e+02	-nan	-nan	-nan
7.155000e+02	7.155000e+02	-nan	-nan	-nan
7.165000e+02	7.165000e+02	-nan	-nan	-nan
7.175000e+02	7.175000e+02	-nan	-nan	-nan
7.185000e+02	7.185000e+02	-nan	-nan	-nan
7.195000e+02	7.195000e+02	-nan	-nan	-nan
7.205000e+02	7.205000e+02	-nan	-nan	-nan
7.215000e+02	7.215000e+02	-nan	-nan	-nan
7.225000e+02	7.225000e+02	-nan	-nan	-nan
7.235000e+02	7.235000e+02	-nan	-nan	-nan
7.245000e+02	7.245000e+02	-nan	-nan	-nan
7.255000e+02	7.255000e+02	-nan	-nan	-nan
7.265000e+02	7.265000e+02	-nan	-nan	-nan
7.275000e+02	7.275000e+02	-nan	-nan	-nan
7.285000e+02	7.285000e+02	-nan	-nan	-nan
7.295000e+02	7.295000e+02	-nan	-nan	-nan
7.305000e+02	7.305000e+02	-nan	-nan	-nan
7.315000e+02	7.315000e+02	-nan	-nan	-nan
7.325000e+02	7.325000e+02	-nan	-nan	-nan
7.335000e+02	7.335000e+02	-nan	-nan	-nan
7.345000e+02	7.345000e+02	-nan	-nan	-nan
7.355000e+02	7.355000e+02	-nan	-nan	-nan
7.365000e+02	7.365000e+02	-nan	-nan	-nan
7.375000e+02	7.375000e+02	-nan	-nan	-nan
7.385000e+02	7.385000e+02	-nan	-nan	-nan
7.395000e+02	7.395000e+02	-nan	-nan	-nan
7.405000e+02	7.405000e+02	-nan	-nan	-nan
7.415000e+02	7.415000e+02	-nan	-nan	-nan
7.425000e+02	7.425000e+02	-nan	-nan	-nan
7.435000e+02	7.435000e+02	-nan	-nan	-nan
7.445000e+02	7.445000e+02	-nan	-nan	-nan
7.455000e+02	7.455000e+02	-nan	-nan	-nan
7.465000e+02	7.465000e+02	-nan	-nan	-nan
7.475000e+02	7.475000e+02	-nan	-nan	-nan
7.485000e+02	7.485000e+02	-nan	-nan	-nan
7.495000e+02	7.495000e+02	-nan	-nan	-nan
7.505000e+02	7.505000e+02	-nan	-nan	-nan
7.515000e+02	7.515000e+02	-nan	-nan	-nan
7.525000e+02	7.525000e+02	-nan	-nan	-nan
7.535000e+02	7.535000e+02	-nan	-nan	-nan
7.545000e+02	7.545000e+02	-nan	-nan	-nan
7.555000e+02	7.555000e+02	-nan	-nan	-nan
7.565000e+02	7.565000e+02	-nan	-nan	-nan
7.575000e+02	7.575000e+02	-nan	-nan	-nan
7.585000e+02	7.585000e+02	-nan	-nan	-nan
7.595000e+02	7.595000e+02	-nan	-nan	-nan
7.605000e+02	7.605000e+02	-nan	-nan	-nan
7.615000e+02	7.615000e+02	-nan	-nan	-nan
7.625000e+02	7.625000e+02	-nan	-nan	-nan
7.635000e+02	7.635000e+02	-nan	-nan	-nan
7.645000e+02	7.645000e+02	-nan	-nan	-nan
7.655000e+02	7.655000e+02	-nan	-nan	-nan
7.665000e+02	7.665000e+02	-nan	-nan	-nan
7.675000e+02	7.675000e+02	-nan	-nan	-nan
7.685000e+02	7.685000e+02	-nan	-nan	-nan
7.695000e+02	7.695000e+02	-nan	-nan	-nan
7.705000e+02	7.705000e+02	-nan	-nan	-nan
7.715000e+02	7.715000e+02	-nan	-nan	-nan
7.725000e+02	7.725000e+02	-nan	-nan	-nan
7.735000e+02	7.735000e+02	-nan	-nan	-nan
7.745000e+02	7.745000e+02	-nan	-nan	-nan
7.755000e+02	7.755000e+02	-nan	-nan	-nan
7.765000e+02	7.765000e+02	-nan	-nan	-nan
7.775000e+02	7.775000e+02	-nan	-nan	-nan
7.785000e+02	7.785000e+02	-nan	-nan	-nan
7.795000e+02	7.795000e+02	-nan	-nan	-nan
7.805000e+02	7.805000e+02	-nan	-nan	-nan
7.815000e+02	7.815000e+02	-nan	-nan	-nan
7.825000e+02	7.825000e+02	-nan	-nan	-nan
7.835000e+02	7.835000e+02	-nan	-nan	-nan
7.845000e+02	7.845000e+02	-nan	-nan	-nan
7.855000e+02	7.855000e+02	-nan	-nan	-nan
7.865000e+02	7.865000e+02	-nan	-nan	-nan
7.875000e+02	7.875000e+02	-nan	-nan	-nan
7.885000e+02	7.885000e+02	-nan	-nan	-nan
7.895000e+02	7.895000e+02	-nan	-nan	-nan
7.905000e+02	7.905000e+02	-nan	-nan	-nan
7.915000e+02	7.915000e+02	-nan	-nan	-nan
7.925000e+02	7.925000e+02	-nan	-nan	-nan
7.935000e+02	7.935000e+02	-nan	-nan	-nan
7.945000e+02	7.945000e+02	-nan	-nan	-nan
7.955000e+02	7.955000e+02	-nan	-nan	-nan
7.965000e+02	7.965000e+02	-nan	-nan	-nan
7.975000e+02	7.975000e+02	-nan	-nan	-nan
7.985000e+02	7.985000e+02	-nan	-nan	-nan
7.995000e+02	7.995000e+02	-nan	-nan	-nan
# END HISTO1D

