# BEGIN PLOT
Legend=1
LogY=1
Title=[Figure 36, 3-4 $\otimes$ 2-3 GeV/c]
XLabel=[$\Delta\phi$ (rad)]
YLabel=[Per-trigger yield]
DrawOnly=/PHENIX_2008_I778396/d53-x01-y10 //lustre/haven/proj/UTK0019/nbauer1/RIVETAnalyses/08014545/Rivet.yoda/PHENIX_2008_I778396:beam=AUAU:cent=GEN/d53-x01-y10
LegendOnly=/PHENIX_2008_I778396/d53-x01-y10 //lustre/haven/proj/UTK0019/nbauer1/RIVETAnalyses/08014545/Rivet.yoda/PHENIX_2008_I778396:beam=AUAU:cent=GEN/d53-x01-y10
RatioPlot=1
RatioPlotReference=/PHENIX_2008_I778396/d53-x01-y10
# END PLOT

# BEGIN HISTO1D /PHENIX_2008_I778396/d53-x01-y10
ConnectBins=0
ErrorBars=1
IsRef=1
Path=/PHENIX_2008_I778396/d53-x01-y10
PolyMarker=*
Title=Data
# xlow	 xhigh	 val	 errminus	 errplus
-1.540800e+00	-1.275000e+00	5.470000e-04	3.560000e-04	3.614461e-04
-1.275000e+00	-9.800000e-01	-1.120000e-04	2.740000e-04	2.742909e-04
-9.800000e-01	-6.850000e-01	1.560000e-04	2.386447e-04	2.260000e-04
-6.850000e-01	-4.150000e-01	2.000000e-03	2.717977e-04	2.040000e-04
-4.150000e-01	-2.200000e-01	5.250000e-03	3.412946e-04	2.320000e-04
-2.200000e-01	-1.000000e-01	8.060000e-03	4.224334e-04	3.200000e-04
-1.000000e-01	0.000000e+00	9.630000e-03	4.203820e-04	3.110000e-04
0.000000e+00	1.000000e-01	9.450000e-03	4.196427e-04	3.100000e-04
1.000000e-01	2.200000e-01	8.020000e-03	4.216764e-04	3.190000e-04
2.200000e-01	4.150000e-01	5.100000e-03	3.406156e-04	2.310000e-04
4.150000e-01	6.850000e-01	1.980000e-03	2.717977e-04	2.040000e-04
6.850000e-01	9.800000e-01	1.890000e-04	2.386447e-04	2.260000e-04
9.800000e-01	1.275000e+00	-5.540000e-06	2.740000e-04	2.742909e-04
1.275000e+00	1.595000e+00	4.910000e-04	3.550000e-04	3.604612e-04
1.595000e+00	1.965000e+00	1.220000e-03	2.800000e-04	2.858548e-04
1.965000e+00	2.305000e+00	7.340000e-04	2.168525e-04	2.150000e-04
2.305000e+00	2.550000e+00	6.710000e-04	2.937591e-04	2.640000e-04
2.550000e+00	2.750000e+00	6.960000e-04	3.125556e-04	2.430000e-04
2.750000e+00	2.945000e+00	2.630000e-04	3.426573e-04	2.340000e-04
2.945000e+00	3.140000e+00	5.100000e-04	3.630000e-04	2.310000e-04
3.140000e+00	3.340000e+00	4.970000e-04	3.630000e-04	2.310000e-04
3.340000e+00	3.535000e+00	3.930000e-04	3.433409e-04	2.350000e-04
3.535000e+00	3.730000e+00	6.830000e-04	3.125556e-04	2.430000e-04
3.730000e+00	3.975000e+00	5.270000e-04	2.928608e-04	2.630000e-04
3.975000e+00	4.320000e+00	8.020000e-04	2.168525e-04	2.150000e-04
4.320000e+00	4.701200e+00	1.270000e-03	2.800000e-04	2.858548e-04
# END HISTO1D


# BEGIN HISTO1D //lustre/haven/proj/UTK0019/nbauer1/RIVETAnalyses/08014545/Rivet.yoda/PHENIX_2008_I778396:beam=AUAU:cent=GEN/d53-x01-y10
LineColor=red
LineStyle=solid
Path=//lustre/haven/proj/UTK0019/nbauer1/RIVETAnalyses/08014545/Rivet.yoda/PHENIX_2008_I778396:beam=AUAU:cent=GEN/d53-x01-y10
ScaledBy=2.67580315421241815e-05
Title=Rivet
# xlow	 xhigh	 val	 errminus	 errplus
-1.540800e+00	-1.275000e+00	nan	nan	nan
-1.275000e+00	-9.800000e-01	nan	nan	nan
-9.800000e-01	-6.850000e-01	nan	nan	nan
-6.850000e-01	-4.150000e-01	nan	nan	nan
-4.150000e-01	-2.200000e-01	nan	nan	nan
-2.200000e-01	-1.000000e-01	nan	nan	nan
-1.000000e-01	0.000000e+00	nan	nan	nan
0.000000e+00	1.000000e-01	nan	nan	nan
1.000000e-01	2.200000e-01	nan	nan	nan
2.200000e-01	4.150000e-01	nan	nan	nan
4.150000e-01	6.850000e-01	nan	nan	nan
6.850000e-01	9.800000e-01	nan	nan	nan
9.800000e-01	1.275000e+00	nan	nan	nan
1.275000e+00	1.595000e+00	nan	nan	nan
1.595000e+00	1.965000e+00	nan	nan	nan
1.965000e+00	2.305000e+00	nan	nan	nan
2.305000e+00	2.550000e+00	nan	nan	nan
2.550000e+00	2.750000e+00	nan	nan	nan
2.750000e+00	2.945000e+00	nan	nan	nan
2.945000e+00	3.140000e+00	nan	nan	nan
3.140000e+00	3.340000e+00	nan	nan	nan
3.340000e+00	3.535000e+00	nan	nan	nan
3.535000e+00	3.730000e+00	nan	nan	nan
3.730000e+00	3.975000e+00	nan	nan	nan
3.975000e+00	4.320000e+00	nan	nan	nan
4.320000e+00	4.701200e+00	nan	nan	nan
# END HISTO1D

