# BEGIN PLOT
Legend=1
LogY=1
Title=[Figure 36, 5-10 $\otimes$ 0.4-1 GeV/c]
XLabel=[$\Delta\phi$ (rad)]
YLabel=[Per-trigger yield]
DrawOnly=/PHENIX_2008_I778396/d53-x01-y04 //lustre/haven/proj/UTK0019/nbauer1/RIVETAnalyses/08014545/Rivet.yoda/PHENIX_2008_I778396:beam=AUAU:cent=GEN/d53-x01-y04
LegendOnly=/PHENIX_2008_I778396/d53-x01-y04 //lustre/haven/proj/UTK0019/nbauer1/RIVETAnalyses/08014545/Rivet.yoda/PHENIX_2008_I778396:beam=AUAU:cent=GEN/d53-x01-y04
RatioPlot=1
RatioPlotReference=/PHENIX_2008_I778396/d53-x01-y04
# END PLOT

# BEGIN HISTO1D /PHENIX_2008_I778396/d53-x01-y04
ConnectBins=0
ErrorBars=1
IsRef=1
Path=/PHENIX_2008_I778396/d53-x01-y04
PolyMarker=*
Title=Data
# xlow	 xhigh	 val	 errminus	 errplus
-1.540800e+00	-1.275000e+00	4.220000e-04	1.090000e-04	1.348995e-04
-1.275000e+00	-9.800000e-01	3.270000e-05	8.480000e-05	9.087497e-05
-9.800000e-01	-6.850000e-01	1.920000e-04	8.655420e-05	7.035631e-05
-6.850000e-01	-4.150000e-01	1.220000e-03	1.597288e-04	6.242828e-05
-4.150000e-01	-2.200000e-01	2.890000e-03	2.217584e-04	6.914521e-05
-2.200000e-01	-1.000000e-01	3.670000e-03	2.527310e-04	9.361202e-05
-1.000000e-01	0.000000e+00	3.890000e-03	2.583854e-04	9.101236e-05
0.000000e+00	1.000000e-01	4.160000e-03	2.584559e-04	9.121233e-05
1.000000e-01	2.200000e-01	3.690000e-03	2.526940e-04	9.351203e-05
2.200000e-01	4.150000e-01	2.810000e-03	2.217584e-04	6.914521e-05
4.150000e-01	6.850000e-01	1.100000e-03	1.596120e-04	6.212890e-05
6.850000e-01	9.800000e-01	1.190000e-04	8.639230e-05	7.015704e-05
9.800000e-01	1.275000e+00	1.310000e-05	8.450000e-05	9.059509e-05
1.275000e+00	1.595000e+00	3.350000e-04	1.090000e-04	1.348995e-04
1.595000e+00	1.965000e+00	8.030000e-04	8.530000e-05	1.134588e-04
1.965000e+00	2.305000e+00	8.460000e-04	6.634041e-05	6.645968e-05
2.305000e+00	2.550000e+00	6.360000e-04	1.278300e-04	8.085475e-05
2.550000e+00	2.750000e+00	4.300000e-04	1.777274e-04	7.488184e-05
2.750000e+00	2.945000e+00	1.660000e-04	2.226146e-04	7.184351e-05
2.945000e+00	3.140000e+00	2.340000e-04	2.493251e-04	7.101584e-05
3.140000e+00	3.340000e+00	1.640000e-04	2.493251e-04	7.101584e-05
3.340000e+00	3.535000e+00	4.200000e-04	2.228088e-04	7.244315e-05
3.535000e+00	3.730000e+00	4.940000e-04	1.778539e-04	7.518151e-05
3.730000e+00	3.975000e+00	6.860000e-04	1.281462e-04	8.135380e-05
3.975000e+00	4.320000e+00	8.350000e-04	6.683861e-05	6.695699e-05
4.320000e+00	4.701200e+00	8.110000e-04	8.610000e-05	1.140615e-04
# END HISTO1D


# BEGIN HISTO1D //lustre/haven/proj/UTK0019/nbauer1/RIVETAnalyses/08014545/Rivet.yoda/PHENIX_2008_I778396:beam=AUAU:cent=GEN/d53-x01-y04
LineColor=red
LineStyle=solid
Path=//lustre/haven/proj/UTK0019/nbauer1/RIVETAnalyses/08014545/Rivet.yoda/PHENIX_2008_I778396:beam=AUAU:cent=GEN/d53-x01-y04
ScaledBy=4.01370473131862696e-04
Title=Rivet
# xlow	 xhigh	 val	 errminus	 errplus
-1.540800e+00	-1.275000e+00	2.089630e+01	8.093102e+00	8.093102e+00
-1.275000e+00	-9.800000e-01	0.000000e+00	0.000000e+00	0.000000e+00
-9.800000e-01	-6.850000e-01	1.051164e+01	4.237378e+00	4.237378e+00
-6.850000e-01	-4.150000e-01	1.102189e+01	4.499665e+00	4.499665e+00
-4.150000e-01	-2.200000e-01	1.900192e+01	7.867541e+00	7.867541e+00
-2.200000e-01	-1.000000e-01	2.120660e+01	9.743762e+00	9.743762e+00
-1.000000e-01	0.000000e+00	2.283803e+01	1.083303e+01	1.083303e+01
0.000000e+00	1.000000e-01	1.312194e+01	6.776138e+00	6.776138e+00
1.000000e-01	2.200000e-01	3.290862e+01	1.409063e+01	1.409063e+01
2.200000e-01	4.150000e-01	9.036687e+00	4.041330e+00	4.041330e+00
4.150000e-01	6.850000e-01	1.291963e+01	5.208069e+00	5.208069e+00
6.850000e-01	9.800000e-01	1.745932e+01	6.761966e+00	6.761966e+00
9.800000e-01	1.275000e+00	7.127925e+00	2.951242e+00	2.951242e+00
1.275000e+00	1.595000e+00	1.582136e+01	6.078759e+00	6.078759e+00
1.595000e+00	1.965000e+00	8.604216e+00	3.361504e+00	3.361504e+00
1.965000e+00	2.305000e+00	2.485979e+00	1.045658e+00	1.045658e+00
2.305000e+00	2.550000e+00	2.540788e+01	9.762019e+00	9.762019e+00
2.550000e+00	2.750000e+00	5.834865e+00	2.680935e+00	2.680935e+00
2.750000e+00	2.945000e+00	2.910349e+01	1.147857e+01	1.147857e+01
2.945000e+00	3.140000e+00	1.388296e+01	5.944329e+00	5.944329e+00
3.140000e+00	3.340000e+00	1.298901e+01	5.561560e+00	5.561560e+00
3.340000e+00	3.535000e+00	3.372371e+00	1.599656e+00	1.599656e+00
3.535000e+00	3.730000e+00	1.152799e+01	5.036944e+00	5.036944e+00
3.730000e+00	3.975000e+00	2.000183e+01	7.888828e+00	7.888828e+00
3.975000e+00	4.320000e+00	2.074686e+01	7.719992e+00	7.719992e+00
4.320000e+00	4.701200e+00	1.734374e+01	6.453680e+00	6.453680e+00
# END HISTO1D

