# BEGIN PLOT
Legend=1
LogY=1
Title=[Figure 37, 3-4 $\otimes$ 3-4 GeV/c]
XLabel=[$\Delta\phi$ (rad)]
YLabel=[Per-trigger yield]
DrawOnly=/PHENIX_2008_I778396/d55-x01-y14 //lustre/haven/proj/UTK0019/nbauer1/RIVETAnalyses/08014545/Rivet.yoda/PHENIX_2008_I778396:beam=AUAU:cent=GEN/d55-x01-y14
LegendOnly=/PHENIX_2008_I778396/d55-x01-y14 //lustre/haven/proj/UTK0019/nbauer1/RIVETAnalyses/08014545/Rivet.yoda/PHENIX_2008_I778396:beam=AUAU:cent=GEN/d55-x01-y14
RatioPlot=1
RatioPlotReference=/PHENIX_2008_I778396/d55-x01-y14
# END PLOT

# BEGIN HISTO1D /PHENIX_2008_I778396/d55-x01-y14
ConnectBins=0
ErrorBars=1
IsRef=1
Path=/PHENIX_2008_I778396/d55-x01-y14
PolyMarker=*
Title=Data
# xlow	 xhigh	 val	 errminus	 errplus
-1.540800e+00	-1.275000e+00	2.110000e-02	1.105412e-02	1.314379e-02
-1.275000e+00	-9.800000e-01	1.060000e-02	7.257679e-03	9.316249e-03
-9.800000e-01	-6.850000e-01	-7.950000e-04	6.104703e-03	1.055001e-02
-6.850000e-01	-4.150000e-01	5.300000e-02	1.195646e-02	2.182469e-02
-4.150000e-01	-2.200000e-01	1.510000e-01	1.843925e-02	3.067794e-02
-2.200000e-01	-1.000000e-01	2.220000e-01	2.154066e-02	3.418333e-02
-1.000000e-01	0.000000e+00	2.320000e-01	2.219572e-02	3.528654e-02
0.000000e+00	1.000000e-01	2.210000e-01	2.221019e-02	3.529564e-02
1.000000e-01	2.200000e-01	2.270000e-01	2.157800e-02	3.420687e-02
2.200000e-01	4.150000e-01	1.380000e-01	1.843925e-02	3.067794e-02
4.150000e-01	6.850000e-01	5.920000e-02	1.198232e-02	2.183887e-02
6.850000e-01	9.800000e-01	2.830000e-03	6.094990e-03	1.054439e-02
9.800000e-01	1.275000e+00	2.870000e-03	7.365474e-03	9.400468e-03
1.275000e+00	1.595000e+00	1.380000e-02	1.132306e-02	1.337076e-02
1.595000e+00	1.965000e+00	5.250000e-02	9.677748e-03	1.200523e-02
1.965000e+00	2.305000e+00	6.690000e-02	5.650000e-03	6.632420e-03
2.305000e+00	2.550000e+00	7.110000e-02	9.174056e-03	1.648990e-02
2.550000e+00	2.750000e+00	6.200000e-02	1.391187e-02	2.408672e-02
2.750000e+00	2.945000e+00	5.720000e-02	1.858595e-02	3.076634e-02
2.945000e+00	3.140000e+00	4.520000e-02	2.130687e-02	3.449380e-02
3.140000e+00	3.340000e+00	5.210000e-02	2.130398e-02	3.449202e-02
3.340000e+00	3.535000e+00	5.220000e-02	1.854919e-02	3.074415e-02
3.535000e+00	3.730000e+00	6.410000e-02	1.389787e-02	2.407864e-02
3.730000e+00	3.975000e+00	6.780000e-02	9.099412e-03	1.644849e-02
3.975000e+00	4.320000e+00	7.520000e-02	5.580000e-03	6.572891e-03
4.320000e+00	4.701200e+00	5.870000e-02	9.519459e-03	1.187800e-02
# END HISTO1D


# BEGIN HISTO1D //lustre/haven/proj/UTK0019/nbauer1/RIVETAnalyses/08014545/Rivet.yoda/PHENIX_2008_I778396:beam=AUAU:cent=GEN/d55-x01-y14
LineColor=red
LineStyle=solid
Path=//lustre/haven/proj/UTK0019/nbauer1/RIVETAnalyses/08014545/Rivet.yoda/PHENIX_2008_I778396:beam=AUAU:cent=GEN/d55-x01-y14
ScaledBy=3.95922032777763287e-05
Title=Rivet
# xlow	 xhigh	 val	 errminus	 errplus
-1.540800e+00	-1.275000e+00	nan	nan	nan
-1.275000e+00	-9.800000e-01	nan	nan	nan
-9.800000e-01	-6.850000e-01	nan	nan	nan
-6.850000e-01	-4.150000e-01	nan	nan	nan
-4.150000e-01	-2.200000e-01	nan	nan	nan
-2.200000e-01	-1.000000e-01	nan	nan	nan
-1.000000e-01	0.000000e+00	nan	nan	nan
0.000000e+00	1.000000e-01	nan	nan	nan
1.000000e-01	2.200000e-01	nan	nan	nan
2.200000e-01	4.150000e-01	nan	nan	nan
4.150000e-01	6.850000e-01	nan	nan	nan
6.850000e-01	9.800000e-01	nan	nan	nan
9.800000e-01	1.275000e+00	nan	nan	nan
1.275000e+00	1.595000e+00	nan	nan	nan
1.595000e+00	1.965000e+00	nan	nan	nan
1.965000e+00	2.305000e+00	nan	nan	nan
2.305000e+00	2.550000e+00	nan	nan	nan
2.550000e+00	2.750000e+00	nan	nan	nan
2.750000e+00	2.945000e+00	nan	nan	nan
2.945000e+00	3.140000e+00	nan	nan	nan
3.140000e+00	3.340000e+00	nan	nan	nan
3.340000e+00	3.535000e+00	nan	nan	nan
3.535000e+00	3.730000e+00	nan	nan	nan
3.730000e+00	3.975000e+00	nan	nan	nan
3.975000e+00	4.320000e+00	nan	nan	nan
4.320000e+00	4.701200e+00	nan	nan	nan
# END HISTO1D

