# BEGIN PLOT
Legend=1
LogY=1
DrawOnly=//lustre/haven/proj/UTK0019/nbauer1/RIVETAnalyses/08014545/Rivet.yoda/PHENIX_2008_I778396:beam=AUAU:cent=GEN/Fig12CorrFunc_AuAu_22_1_1ptAssoc_1
LegendOnly=//lustre/haven/proj/UTK0019/nbauer1/RIVETAnalyses/08014545/Rivet.yoda/PHENIX_2008_I778396:beam=AUAU:cent=GEN/Fig12CorrFunc_AuAu_22_1_1ptAssoc_1
# END PLOT

# BEGIN HISTO1D //lustre/haven/proj/UTK0019/nbauer1/RIVETAnalyses/08014545/Rivet.yoda/PHENIX_2008_I778396:beam=AUAU:cent=GEN/Fig12CorrFunc_AuAu_22_1_1ptAssoc_1
LineColor=red
LineStyle=solid
Path=//lustre/haven/proj/UTK0019/nbauer1/RIVETAnalyses/08014545/Rivet.yoda/PHENIX_2008_I778396:beam=AUAU:cent=GEN/Fig12CorrFunc_AuAu_22_1_1ptAssoc_1
ScaledBy=4.82212732229327136e-06
Title=Rivet
# xlow	 xhigh	 val	 errminus	 errplus
-1.570796e+00	-1.396263e+00	3.348829e+00	1.245506e+00	1.245506e+00
-1.396263e+00	-1.221730e+00	1.627477e+00	1.219911e+00	1.219911e+00
-1.221730e+00	-1.047198e+00	2.793692e+00	1.237226e+00	1.237226e+00
-1.047198e+00	-8.726646e-01	1.983193e-01	1.198246e+00	1.198246e+00
-8.726646e-01	-6.981317e-01	1.025145e+00	1.211130e+00	1.211130e+00
-6.981317e-01	-5.235988e-01	1.423294e+00	1.217072e+00	1.217072e+00
-5.235988e-01	-3.490659e-01	5.575593e-01	1.203616e+00	1.203616e+00
-3.490659e-01	-1.745329e-01	7.064194e-01	1.205920e+00	1.205920e+00
-1.745329e-01	0.000000e+00	4.456730e-01	1.202441e+00	1.202441e+00
0.000000e+00	1.745329e-01	2.627275e+00	1.234461e+00	1.234461e+00
1.745329e-01	3.490659e-01	1.234080e+00	1.214145e+00	1.214145e+00
3.490659e-01	5.235988e-01	8.716322e-01	1.208705e+00	1.208705e+00
5.235988e-01	6.981317e-01	1.818709e+00	1.222909e+00	1.222909e+00
6.981317e-01	8.726646e-01	2.036760e+00	1.226141e+00	1.226141e+00
8.726646e-01	1.047198e+00	1.844601e+00	1.223122e+00	1.223122e+00
1.047198e+00	1.221730e+00	0.000000e+00	-nan	-nan
1.221730e+00	1.396263e+00	1.876707e+00	1.224080e+00	1.224080e+00
1.396263e+00	1.570796e+00	1.785489e+00	1.222451e+00	1.222451e+00
1.570796e+00	1.745329e+00	1.420795e+00	1.216449e+00	1.216449e+00
1.745329e+00	1.919862e+00	1.977696e+00	1.224934e+00	1.224934e+00
1.919862e+00	2.094395e+00	1.586933e+00	1.219259e+00	1.219259e+00
2.094395e+00	2.268928e+00	2.546429e+00	1.233690e+00	1.233690e+00
2.268928e+00	2.443461e+00	1.171108e+00	1.213338e+00	1.213338e+00
2.443461e+00	2.617994e+00	1.466313e+00	1.217827e+00	1.217827e+00
2.617994e+00	2.792527e+00	1.247035e+00	1.214525e+00	1.214525e+00
2.792527e+00	2.967060e+00	4.273438e-01	1.202455e+00	1.202455e+00
2.967060e+00	3.141593e+00	1.844643e+00	1.222581e+00	1.222581e+00
3.141593e+00	3.316126e+00	2.152832e+00	1.227968e+00	1.227968e+00
3.316126e+00	3.490659e+00	2.443034e+00	1.232253e+00	1.232253e+00
3.490659e+00	3.665191e+00	1.024798e+00	1.210582e+00	1.210582e+00
3.665191e+00	3.839724e+00	1.206475e+00	1.213304e+00	1.213304e+00
3.839724e+00	4.014257e+00	1.632441e+00	1.220610e+00	1.220610e+00
4.014257e+00	4.188790e+00	9.404371e-01	1.209676e+00	1.209676e+00
4.188790e+00	4.363323e+00	1.957621e+00	1.224864e+00	1.224864e+00
4.363323e+00	4.537856e+00	9.000235e-01	1.209013e+00	1.209013e+00
4.537856e+00	4.712389e+00	5.236295e-01	1.203152e+00	1.203152e+00
# END HISTO1D

