# BEGIN PLOT
Legend=1
LogY=1
Title=[Figure 31 Correlation Functon, AuAu, 20-40 ,3-4 $\otimes$ 0.915-1.415 GeV/c]
XLabel=[$\Delta\phi$]
YLabel=[Jet-Induced Hadron Pair Yield]
DrawOnly=//lustre/haven/proj/UTK0019/nbauer1/RIVETAnalyses/08014545/Rivet.yoda/PHENIX_2008_I778396:beam=AUAU:cent=GEN/Fig31CorrFunc_50_1_2ptAssoc_2
LegendOnly=//lustre/haven/proj/UTK0019/nbauer1/RIVETAnalyses/08014545/Rivet.yoda/PHENIX_2008_I778396:beam=AUAU:cent=GEN/Fig31CorrFunc_50_1_2ptAssoc_2
# END PLOT

# BEGIN HISTO1D //lustre/haven/proj/UTK0019/nbauer1/RIVETAnalyses/08014545/Rivet.yoda/PHENIX_2008_I778396:beam=AUAU:cent=GEN/Fig31CorrFunc_50_1_2ptAssoc_2
LineColor=red
LineStyle=solid
Path=//lustre/haven/proj/UTK0019/nbauer1/RIVETAnalyses/08014545/Rivet.yoda/PHENIX_2008_I778396:beam=AUAU:cent=GEN/Fig31CorrFunc_50_1_2ptAssoc_2
ScaledBy=3.95922032777763287e-05
Title=Rivet
# xlow	 xhigh	 val	 errminus	 errplus
-1.570796e+00	-1.445133e+00	1.681855e+00	1.315721e+00	1.315721e+00
-1.445133e+00	-1.319469e+00	2.918232e+00	1.496810e+00	1.496810e+00
-1.319469e+00	-1.193805e+00	3.314022e+00	1.548161e+00	1.548161e+00
-1.193805e+00	-1.068142e+00	2.885511e+00	1.487726e+00	1.487726e+00
-1.068142e+00	-9.424778e-01	8.501284e-01	1.176816e+00	1.176816e+00
-9.424778e-01	-8.168141e-01	1.715585e+00	1.326443e+00	1.326443e+00
-8.168141e-01	-6.911504e-01	1.222482e+00	1.233706e+00	1.233706e+00
-6.911504e-01	-5.654867e-01	1.672406e+00	1.312741e+00	1.312741e+00
-5.654867e-01	-4.398230e-01	2.488572e-02	1.022217e+00	1.022217e+00
-4.398230e-01	-3.141593e-01	2.046984e+00	1.364501e+00	1.364501e+00
-3.141593e-01	-1.884956e-01	1.679128e+00	1.314843e+00	1.314843e+00
-1.884956e-01	-6.283185e-02	2.121944e+00	1.387147e+00	1.387147e+00
-6.283185e-02	6.283185e-02	2.041056e+00	1.362616e+00	1.362616e+00
6.283185e-02	1.884956e-01	8.390956e-01	1.173215e+00	1.173215e+00
1.884956e-01	3.141593e-01	3.292777e+00	1.542469e+00	1.542469e+00
3.141593e-01	4.398230e-01	3.333533e+00	1.553658e+00	1.553658e+00
4.398230e-01	5.654867e-01	2.504138e+00	1.438556e+00	1.438556e+00
5.654867e-01	6.911504e-01	1.675916e+00	1.313694e+00	1.313694e+00
6.911504e-01	8.168141e-01	2.491935e+00	1.434881e+00	1.434881e+00
8.168141e-01	9.424778e-01	3.686556e+00	1.591902e+00	1.591902e+00
9.424778e-01	1.068142e+00	2.084001e+00	1.375692e+00	1.375692e+00
1.068142e+00	1.193805e+00	2.474672e+00	1.429847e+00	1.429847e+00
1.193805e+00	1.319469e+00	2.480491e+00	1.431518e+00	1.431518e+00
1.319469e+00	1.445133e+00	2.970813e+00	1.512104e+00	1.512104e+00
1.445133e+00	1.570796e+00	3.755353e+00	1.609680e+00	1.609680e+00
1.570796e+00	1.696460e+00	2.931914e+00	1.500732e+00	1.500732e+00
1.696460e+00	1.822124e+00	2.508675e+00	1.439966e+00	1.439966e+00
1.822124e+00	1.947787e+00	2.060837e+00	1.368653e+00	1.368653e+00
1.947787e+00	2.073451e+00	1.643456e+00	1.303462e+00	1.303462e+00
2.073451e+00	2.199115e+00	3.294835e+00	1.543134e+00	1.543134e+00
2.199115e+00	2.324779e+00	4.101543e+00	1.645248e+00	1.645248e+00
2.324779e+00	2.450442e+00	2.488050e+00	1.433797e+00	1.433797e+00
2.450442e+00	2.576106e+00	1.627478e+00	1.298395e+00	1.298395e+00
2.576106e+00	2.701770e+00	2.465615e+00	1.427312e+00	1.427312e+00
2.701770e+00	2.827433e+00	1.269023e+00	1.249459e+00	1.249459e+00
2.827433e+00	2.953097e+00	8.692824e-01	1.183793e+00	1.183793e+00
2.953097e+00	3.078761e+00	0.000000e+00	-nan	-nan
3.078761e+00	3.204425e+00	2.047346e+00	1.364544e+00	1.364544e+00
3.204425e+00	3.330088e+00	2.038972e+00	1.362068e+00	1.362068e+00
3.330088e+00	3.455752e+00	3.889275e-01	1.083655e+00	1.083655e+00
3.455752e+00	3.581416e+00	2.081762e+00	1.374982e+00	1.374982e+00
3.581416e+00	3.707079e+00	2.054508e+00	1.366805e+00	1.366805e+00
3.707079e+00	3.832743e+00	2.112355e+00	1.384460e+00	1.384460e+00
3.832743e+00	3.958407e+00	2.100111e+00	1.380749e+00	1.380749e+00
3.958407e+00	4.084070e+00	1.266613e+00	1.248394e+00	1.248394e+00
4.084070e+00	4.209734e+00	8.285802e-01	1.169150e+00	1.169150e+00
4.209734e+00	4.335398e+00	2.074879e+00	1.372976e+00	1.372976e+00
4.335398e+00	4.461062e+00	2.075037e+00	1.372947e+00	1.372947e+00
4.461062e+00	4.586725e+00	5.412978e+00	1.810782e+00	1.810782e+00
4.586725e+00	4.712389e+00	8.143183e-01	1.164196e+00	1.164196e+00
# END HISTO1D

