# BEGIN PLOT
Legend=1
LogY=1
Title=[Figure 30 Correlation Functon, AuAu, 0-20 ,5-10 $\otimes$ 0.345-0.915 GeV/c]
XLabel=[$\Delta\phi$]
YLabel=[Jet-Induced Hadron Pair Yield]
DrawOnly=//lustre/haven/proj/UTK0019/nbauer1/RIVETAnalyses/08014545/Rivet.yoda/PHENIX_2008_I778396:beam=AUAU:cent=GEN/Fig30CorrFunc_45_1_4ptAssoc_1
LegendOnly=//lustre/haven/proj/UTK0019/nbauer1/RIVETAnalyses/08014545/Rivet.yoda/PHENIX_2008_I778396:beam=AUAU:cent=GEN/Fig30CorrFunc_45_1_4ptAssoc_1
# END PLOT

# BEGIN HISTO1D //lustre/haven/proj/UTK0019/nbauer1/RIVETAnalyses/08014545/Rivet.yoda/PHENIX_2008_I778396:beam=AUAU:cent=GEN/Fig30CorrFunc_45_1_4ptAssoc_1
LineColor=red
LineStyle=solid
Path=//lustre/haven/proj/UTK0019/nbauer1/RIVETAnalyses/08014545/Rivet.yoda/PHENIX_2008_I778396:beam=AUAU:cent=GEN/Fig30CorrFunc_45_1_4ptAssoc_1
ScaledBy=4.01370473131862696e-04
Title=Rivet
# xlow	 xhigh	 val	 errminus	 errplus
-1.570796e+00	-1.431170e+00	2.859629e+01	1.494484e+01	1.494484e+01
-1.431170e+00	-1.291544e+00	2.182803e+01	1.415973e+01	1.415973e+01
-1.291544e+00	-1.151917e+00	0.000000e+00	-nan	-nan
-1.151917e+00	-1.012291e+00	1.410773e+01	1.307064e+01	1.307064e+01
-1.012291e+00	-8.726646e-01	1.062837e+01	1.259900e+01	1.259900e+01
-8.726646e-01	-7.330383e-01	8.101110e+00	1.238692e+01	1.238692e+01
-7.330383e-01	-5.934119e-01	2.125674e+01	1.401475e+01	1.401475e+01
-5.934119e-01	-4.537856e-01	1.486935e+01	1.327727e+01	1.327727e+01
-4.537856e-01	-3.141593e-01	1.062838e+01	1.259901e+01	1.259901e+01
-3.141593e-01	-1.745329e-01	2.201839e+01	1.420768e+01	1.420768e+01
-1.745329e-01	-3.490659e-02	1.796785e+01	1.362604e+01	1.362604e+01
-3.490659e-02	1.047198e-01	1.834866e+01	1.372557e+01	1.372557e+01
1.047198e-01	2.443461e-01	3.960543e+01	1.624032e+01	1.624032e+01
2.443461e-01	3.839724e-01	1.448852e+01	1.317434e+01	1.317434e+01
3.839724e-01	5.235988e-01	1.467892e+01	1.322590e+01	1.322590e+01
5.235988e-01	6.632251e-01	2.897705e+01	1.503562e+01	1.503562e+01
6.632251e-01	8.028515e-01	1.119960e+01	1.276004e+01	1.276004e+01
8.028515e-01	9.424778e-01	1.486935e+01	1.327727e+01	1.327727e+01
9.424778e-01	1.082104e+00	2.897707e+01	1.503563e+01	1.503563e+01
1.082104e+00	1.221730e+00	3.808235e-01	1.112564e+01	1.112564e+01
1.221730e+00	1.361357e+00	1.429804e+01	1.312251e+01	1.312251e+01
1.361357e+00	1.500983e+00	1.815829e+01	1.367593e+01	1.367593e+01
1.500983e+00	1.640609e+00	1.100922e+01	1.270663e+01	1.270663e+01
1.640609e+00	1.780236e+00	1.100915e+01	1.270653e+01	1.270653e+01
1.780236e+00	1.919862e+00	2.087598e+01	1.391732e+01	1.391732e+01
1.919862e+00	2.059489e+00	4.240946e+00	1.177311e+01	1.177311e+01
2.059489e+00	2.199115e+00	2.511696e+01	1.453419e+01	1.453419e+01
2.199115e+00	2.338741e+00	0.000000e+00	-nan	-nan
2.338741e+00	2.478368e+00	3.169456e+01	1.525543e+01	1.525543e+01
2.478368e+00	2.617994e+00	7.720303e+00	1.227656e+01	1.227656e+01
2.617994e+00	2.757620e+00	1.448856e+01	1.317437e+01	1.317437e+01
2.757620e+00	2.897247e+00	5.371286e+01	1.770675e+01	1.770675e+01
2.897247e+00	3.036873e+00	3.188520e+01	1.530009e+01	1.530009e+01
3.036873e+00	3.176499e+00	1.429814e+01	1.312261e+01	1.312261e+01
3.176499e+00	3.316126e+00	2.144706e+01	1.406317e+01	1.406317e+01
3.316126e+00	3.455752e+00	1.739665e+01	1.347539e+01	1.347539e+01
3.455752e+00	3.595378e+00	1.448856e+01	1.317437e+01	1.317437e+01
3.595378e+00	3.735005e+00	4.050536e+00	1.171516e+01	1.171516e+01
3.735005e+00	3.874631e+00	2.916752e+01	1.508085e+01	1.508085e+01
3.874631e+00	4.014257e+00	1.796789e+01	1.362607e+01	1.362607e+01
4.014257e+00	4.153884e+00	3.245621e+01	1.543286e+01	1.543286e+01
4.153884e+00	4.293510e+00	2.897711e+01	1.503565e+01	1.503565e+01
4.293510e+00	4.433136e+00	2.568819e+01	1.467400e+01	1.467400e+01
4.433136e+00	4.572763e+00	1.062832e+01	1.259895e+01	1.259895e+01
4.572763e+00	4.712389e+00	1.081882e+01	1.265295e+01	1.265295e+01
# END HISTO1D

