$p_T$
10
$inv.yield$
$inv.yield$
$inv.yield$
$inv.yield$
$inv.yield$
$inv.yield$
$inv.yield$
$inv.yield$
$inv.yield$
$inv.yield$
$0-5\%$
$5\%-10\%$
$10\%-15\%$
$15\%-20\%$
$20\%-30\%$
$30\%-40\%$
$40\%-50\%$
$50\%-60\%$
$60\%-92\%$
$0-92\%$
yes
none
none
2
$p_T uncorrelated error$
symmetric
$p_T correlated error$
symmetric

4.25 0.000116954 1.60975e-06 1.34033e-05  
4.75 5.83475e-05 9.80658e-07 6.49107e-06  
5.25 2.88562e-05 6.23192e-07 3.04366e-06  
5.75 1.61336e-05 4.16639e-07 1.58296e-06  
6.25 1.01012e-05 2.95356e-07 9.37348e-07  
6.75 6.16622e-06 2.09733e-07 5.44603e-07  
7.25 3.8088e-06 1.49424e-07 3.29777e-07  
7.75 2.57191e-06 1.14391e-07 2.18454e-07  
8.25 1.69332e-06 8.43162e-08 1.40698e-07  
8.75 1.21861e-06 6.77061e-08 1.00004e-07  
9.25 7.47592e-07 4.79592e-08 6.20874e-08  
9.75 5.57775e-07 3.9572e-08 4.63225e-08  
11 2.49881e-07 1.49383e-08 2.02793e-08  
13 7.60635e-08 7.66556e-09 6.14284e-09  
15 2.25637e-08 3.24545e-09 1.95479e-09  
17 1.32184e-08 2.96705e-09 1.17735e-09  
19 1.40508e-09 1.00846e-09 2.2868e-10 
***
4.25 7.66858e-05 1.48594e-06 9.78811e-06  
4.75 3.88705e-05 8.82305e-07 4.65519e-06  
5.25 2.08984e-05 5.54484e-07 2.35914e-06  
5.75 1.17278e-05 3.61419e-07 1.24133e-06  
6.25 7.09631e-06 2.47076e-07 7.10095e-07  
6.75 4.52354e-06 1.75644e-07 4.3033e-07  
7.25 2.87252e-06 1.27089e-07 2.67933e-07  
7.75 1.8289e-06 9.15946e-08 1.6685e-07  
8.25 1.27362e-06 6.97623e-08 1.13217e-07  
8.75 7.76441e-07 4.99626e-08 6.98159e-08  
9.25 6.64047e-07 4.39702e-08 5.85468e-08  
9.75 4.32546e-07 3.43591e-08 3.85014e-08  
11 1.72682e-07 1.19268e-08 1.48453e-08  
13 7.12815e-08 6.59493e-09 6.13045e-09  
15 2.04322e-08 2.83537e-09 1.9797e-09  
17 7.56549e-09 2.19236e-09 7.06729e-10  
*** 
4.25 6.28528e-05 1.39305e-06 9.49766e-06  
4.75 3.33525e-05 8.1875e-07 4.4554e-06  
5.25 1.6183e-05 5.15954e-07 2.2243e-06  
5.75 9.5348e-06 3.36085e-07 1.16367e-06  
6.25 5.47867e-06 2.25907e-07 6.42743e-07  
6.75 3.73572e-06 1.62582e-07 3.91199e-07  
7.25 2.45665e-06 1.19735e-07 2.46295e-07  
7.75 1.52844e-06 8.55338e-08 1.51147e-07  
8.25 1.03702e-06 6.40454e-08 9.86335e-08  
8.75 7.14338e-07 4.75651e-08 6.23233e-08  
9.25 5.19401e-07 3.97804e-08 5.03585e-08  
9.75 4.01509e-07 3.30788e-08 3.74842e-08  
11 1.36873e-07 1.10376e-08 1.26538e-08  
13 4.42117e-08 5.46094e-09 4.3288e-09  
15 1.75484e-08 2.96093e-09 1.53246e-09  
17 7.4544e-09 2.00331e-09 6.911e-10  
***
4.25 4.45373e-05 1.22006e-06 6.96911e-06  
4.75 2.32439e-05 7.26442e-07 3.44847e-06  
5.25 1.2883e-05 4.53074e-07 1.79457e-06  
5.75 7.37365e-06 2.92545e-07 9.59495e-07  
6.25 3.98987e-06 1.80917e-07 4.8499e-07  
6.75 2.9025e-06 1.38625e-07 3.26481e-07  
7.25 1.69987e-06 9.15359e-08 1.84079e-07  
7.75 1.18828e-06 7.07613e-08 1.24759e-07  
8.25 7.86036e-07 5.30156e-08 8.15658e-08  
8.75 6.47622e-07 4.51108e-08 6.36648e-08  
9.25 4.14053e-07 3.19705e-08 4.19296e-08  
9.75 2.53339e-07 2.47409e-08 2.69507e-08  
11 1.15775e-07 9.53894e-09 1.09099e-08  
13 4.8379e-08 5.50433e-09 4.52241e-09  
15 1.60957e-08 2.84193e-09 1.64319e-09  
17 5.18422e-09 1.80625e-09 5.14353e-10  
*** 
4.25 3.46394e-05 8.53671e-07 6.07928e-06  
4.75 1.69732e-05 4.97669e-07 2.82796e-06  
5.25 9.00084e-06 3.05573e-07 1.415e-06  
5.75 5.06519e-06 1.96963e-07 7.60167e-07  
6.25 3.32498e-06 1.35377e-07 4.48527e-07  
6.75 2.02399e-06 9.16576e-08 2.53446e-07  
7.25 1.43337e-06 6.77395e-08 1.62912e-07  
7.75 7.93705e-07 4.54546e-08 9.30628e-08  
8.25 5.48496e-07 3.62092e-08 6.38647e-08  
8.75 3.44139e-07 2.40442e-08 3.83038e-08  
9.25 2.62537e-07 2.13504e-08 2.92942e-08  
9.75 1.88953e-07 1.57911e-08 2.04244e-08  
11 9.21147e-08 6.35004e-09 9.06303e-09  
13 2.40771e-08 2.71582e-09 2.45799e-09  
15 9.58996e-09 1.62042e-09 9.84859e-10  
17 4.06645e-09 1.11433e-09 4.19356e-10  
***
4.25 2.12037e-05 6.82959e-07 4.16323e-06  
4.75 1.0309e-05 3.92972e-07 1.94061e-06  
5.25 5.38349e-06 2.32228e-07 9.34297e-07  
5.75 3.48093e-06 1.55433e-07 5.48261e-07  
6.25 1.95874e-06 9.82211e-08 2.8673e-07  
6.75 1.19183e-06 6.60515e-08 1.64963e-07  
7.25 7.3781e-07 4.54547e-08 9.82336e-08  
7.75 5.21498e-07 3.66729e-08 6.88873e-08  
8.25 3.04829e-07 2.5189e-08 4.11188e-08  
8.75 2.05469e-07 1.87424e-08 2.72173e-08  
9.25 1.86589e-07 1.58522e-08 2.16718e-08  
9.75 1.37474e-07 1.32118e-08 1.60122e-08  
11 5.85428e-08 5.07133e-09 6.22987e-09  
13 1.70608e-08 2.49448e-09 1.75424e-09  
15 2.71386e-09 9.26231e-10 4.85289e-10  
17 3.3607e-09 9.63855e-10 3.65587e-10  
***
4.25 1.21646e-05 5.13252e-07 2.58363e-06  
4.75 5.15193e-06 2.62342e-07 1.03381e-06  
5.25 2.91477e-06 1.62094e-07 5.63155e-07  
5.75 1.85243e-06 1.08675e-07 3.32143e-07  
6.25 9.87378e-07 6.19445e-08 1.61107e-07  
6.75 6.61613e-07 4.81838e-08 1.09481e-07  
7.25 3.71109e-07 3.07966e-08 6.04011e-08  
7.75 3.04036e-07 2.47586e-08 4.34567e-08  
8.25 2.01695e-07 1.76078e-08 2.73726e-08  
8.75 1.34564e-07 1.30854e-08 1.80047e-08  
9.25 1.02416e-07 1.07832e-08 1.34865e-08  
9.75 7.33905e-08 8.95641e-09 9.88662e-09  
11 2.93353e-08 3.1114e-09 3.43701e-09  
13 1.41389e-08 2.19254e-09 1.49375e-09  
15 4.83388e-09 1.04094e-09 5.95905e-10  
*** 
4.25 3.89983e-06 2.38787e-07 8.982e-07  
4.75 1.7624e-06 1.24723e-07 4.03866e-07  
5.25 1.04854e-06 7.99737e-08 2.33108e-07  
5.75 6.51204e-07 5.10421e-08 1.33572e-07  
6.25 4.93095e-07 4.12218e-08 9.79837e-08  
6.75 3.14902e-07 2.7141e-08 5.67833e-08  
7.25 1.73194e-07 1.76744e-08 3.14917e-08  
7.75 1.3582e-07 1.56215e-08 2.4501e-08  
8.25 9.51495e-08 1.25248e-08 1.71595e-08  
8.75 5.74914e-08 9.66547e-09 1.14876e-08  
9.25 3.01671e-08 7.05211e-09 6.96739e-09  
9.75 3.0439e-08 5.35387e-09 4.71519e-09  
11 1.50293e-08 2.69105e-09 1.94994e-09  
13 4.49946e-09 1.18698e-09 6.14329e-10  
15 1.51949e-09 6.73752e-10 2.15139e-10  
*** 
4.25 4.46963e-07 3.49445e-08 1.135e-07  
4.75 4.2342e-07 3.48975e-08 1.0612e-07  
5.25 2.71855e-07 2.29255e-08 6.32866e-08  
5.75 1.78894e-07 1.58339e-08 3.90637e-08  
6.25 1.07392e-07 1.11953e-08 2.35367e-08  
6.75 8.91867e-08 9.2992e-09 1.68618e-08  
7.25 4.38758e-08 6.10301e-09 9.32671e-09  
7.75 3.03131e-08 4.28895e-09 5.86636e-09  
8.25 1.75572e-08 3.55333e-09 3.92924e-09  
8.75 1.19083e-08 2.83409e-09 3.0365e-09  
9.25 7.92141e-09 2.11595e-09 1.60848e-09  
9.75 7.45956e-09 1.83994e-09 1.38181e-09  
11 3.6448e-09 7.56859e-10 4.75681e-10  
13 4.16854e-10 3.71647e-10 1.20631e-10  
*** 
4.25 2.37835e-05 2.19677e-07 2.96213e-06  
4.75 1.2078e-05 1.3158e-07 1.41102e-06  
5.25 6.25418e-06 8.42344e-08 6.97981e-07  
5.75 3.67097e-06 5.69567e-08 3.88451e-07  
6.25 2.22912e-06 3.98972e-08 2.2556e-07  
6.75 1.42338e-06 2.90466e-08 1.37362e-07  
7.25 8.97382e-07 2.11727e-08 8.44308e-08  
7.75 5.92454e-07 1.58539e-08 5.47688e-08  
8.25 3.97668e-07 1.20151e-08 3.58027e-08  
8.75 2.72478e-07 9.32689e-09 2.39246e-08  
9.25 1.99436e-07 7.50916e-09 1.69442e-08  
9.75 1.41081e-07 5.94224e-09 1.1835e-08  
11 5.92193e-08 1.93299e-09 5.10856e-09  
13 1.98351e-08 9.75672e-10 1.6495e-09  
15 6.72473e-09 4.87442e-10 5.57649e-10  
17 2.86982e-09 3.11581e-10 2.58077e-10  
19 1.10198e-09 1.76465e-10 1.33886e-10  
21 3.99786e-10 1.44796e-10 1.33955e-10  
***
