$p_T$
10
$R_[AA}$
$R_[AA}$
$R_[AA}$
$R_[AA}$
$R_[AA}$
$R_[AA}$
$R_[AA}$
$R_[AA}$
$R_[AA}$
$R_[AA}$
$0-5\%$
$5\%-10\%$
$10\%-15\%$
$15\%-20\%$
$20\%-30\%$
$30\%-40\%$
$40\%-50\%$
$50\%-60\%$
$60\%-92\%$
$0-92\%$
yes
none
none
2
$p_T uncorrelated error$
symmetric
$p_T correlated error$
symmetric

5.25 0.997861 0.0342416 0.431437  
5.75 1.03755 0.0421188 0.387664  
6.25 1.14428 0.05351 0.348666  
6.75 1.05231 0.0527299 0.299068  
7.25 1.10404 0.0659113 0.271478  
7.75 1.09138 0.0709957 0.24713  
8.25 0.996324 0.0689491 0.215777  
8.75 0.994612 0.0748271 0.205907  
9.25 0.918114 0.079945 0.190404  
9.75 1.07787 0.108621 0.214055  
11 1.00415 0.0740158 0.189373  
13 1.00962 0.120335 0.180889  
15 0.839154 0.143698 0.152266  
17 1.5417 0.427689 0.282796  
19 0.320179 0.238113 0.0730998  
*** 
5.25 0.91074 0.0342598 0.395469  
5.75 0.950479 0.0417642 0.357131  
6.25 1.01307 0.0510983 0.311009  
6.75 0.972866 0.0520431 0.278621  
7.25 1.04933 0.0662195 0.260579  
7.75 0.97805 0.0674899 0.223848  
8.25 0.944393 0.0688177 0.206695  
8.75 0.798635 0.0654378 0.16792  
9.25 1.02773 0.0910643 0.215298  
9.75 1.05339 0.112629 0.211897  
11 0.87451 0.0712051 0.166778  
13 1.19236 0.133892 0.216521  
15 0.957627 0.159932 0.178661  
17 1.11201 0.369732 0.206367  
*** 
5.25 0.8867 0.0368551 0.391257  
5.75 0.971567 0.0458129 0.369797  
6.25 0.983372 0.0541486 0.307839  
6.75 1.01015 0.0575699 0.292657  
7.25 1.1283 0.0748474 0.283245  
7.75 1.02767 0.0754142 0.238453  
8.25 0.966793 0.0756569 0.21411  
8.75 0.923801 0.0773278 0.193195  
9.25 1.01069 0.0976382 0.215617  
9.75 1.22938 0.134163 0.24971  
11 0.871509 0.0796951 0.168827  
13 0.929826 0.129197 0.174364  
15 1.03408 0.199189 0.187978  
17 1.37758 0.433001 0.255165  
*** 
5.25 0.891002 0.0393247 0.393673  
5.75 0.948394 0.0479393 0.363507  
6.25 0.903953 0.0526154 0.284435  
6.75 0.990664 0.0597286 0.289881  
7.25 0.985472 0.0691565 0.250656  
7.75 1.00848 0.076801 0.236688  
8.25 0.924985 0.0766053 0.208415  
8.75 1.05716 0.0910937 0.226212  
9.25 1.01699 0.098751 0.218988  
9.75 0.979124 0.118548 0.205052  
11 0.930492 0.0865293 0.181051  
13 1.2843 0.167425 0.237914  
15 1.19721 0.238873 0.226654  
17 1.2093 0.465174 0.228033  
*** 
5.25 0.887132 0.0382977 0.397258  
5.75 0.928422 0.0463572 0.362559  
6.25 1.07354 0.0586979 0.343585  
6.75 0.984478 0.0574447 0.293121  
7.25 1.18421 0.0772774 0.303965  
7.75 0.959961 0.071407 0.230805  
8.25 0.919832 0.0751103 0.212872  
8.75 0.800564 0.0691203 0.176328  
9.25 0.918958 0.0922633 0.202509  
9.75 1.04072 0.114509 0.218862  
11 1.05504 0.0857865 0.207444  
13 0.910873 0.117967 0.172827  
15 1.01653 0.196024 0.192782  
17 1.35179 0.43102 0.257723  
*** 
5.25 0.902361 0.0457624 0.409487  
5.75 1.08507 0.0591822 0.426893  
6.25 1.07552 0.0667028 0.349606  
6.75 0.985879 0.0655843 0.29924  
7.25 1.03664 0.0790874 0.275626  
7.75 1.07265 0.091009 0.266027  
8.25 0.869366 0.0831051 0.209724  
8.75 0.812871 0.0848414 0.188317  
9.25 1.11071 0.11481 0.247373  
9.75 1.28769 0.154298 0.276502  
11 1.14032 0.110342 0.228929  
13 1.09765 0.175031 0.208701  
15 0.489219 0.173047 0.117204  
17 1.89992 0.626772 0.36815  
*** 
5.25 0.892654 0.0550539 0.412112  
5.75 1.05503 0.0701637 0.424805  
6.25 0.990576 0.0718948 0.329814  
6.75 0.999944 0.0815912 0.316767  
7.25 0.952679 0.0899339 0.268544  
7.75 1.1426 0.1077 0.290159  
8.25 1.051 0.104737 0.254026  
8.75 0.972668 0.10668 0.226082  
9.25 1.1139 0.134373 0.257531  
9.75 1.25601 0.177695 0.28278  
11 1.04401 0.119532 0.215752  
13 1.66204 0.278593 0.318576  
15 1.59211 0.373408 0.320866  
*** 
5.25 0.633285 0.0511687 0.300551  
5.75 0.731435 0.0617387 0.30339  
6.25 0.975599 0.0889908 0.343155  
6.75 0.938606 0.0879614 0.304846  
7.25 0.876825 0.0977934 0.25718  
7.75 1.00662 0.125252 0.278602  
8.25 0.977803 0.137021 0.263324  
8.75 0.81955 0.143918 0.226008  
9.25 0.647065 0.155987 0.19353  
9.75 1.02735 0.195086 0.244279  
11 1.05485 0.194273 0.225779  
13 1.04309 0.283065 0.219348  
15 0.986989 0.447144 0.210453  
*** 
5.25 0.690738 0.0610929 0.33127  
5.75 0.845312 0.0793648 0.356295  
6.25 0.893873 0.0987284 0.325088  
6.75 1.11833 0.123653 0.368734  
7.25 0.934475 0.136616 0.292767  
7.75 0.945141 0.141052 0.26984  
8.25 0.759034 0.15789 0.227818  
8.75 0.71414 0.173778 0.227119  
9.25 0.714791 0.195517 0.198788  
9.75 1.05917 0.272025 0.273862  
11 1.07618 0.228241 0.230847  
13 0.406546 0.363378 0.134419  
*** 
5.25 0.893783 0.0267017 0.387809  
5.75 0.975633 0.0341019 0.366575  
6.25 1.04357 0.0424178 0.320754  
6.75 1.00386 0.042239 0.287959  
7.25 1.07499 0.0546204 0.267281  
7.75 1.03898 0.0566172 0.238298  
8.25 0.966968 0.0548929 0.212085  
8.75 0.919074 0.0562416 0.192421  
9.25 1.0122 0.0707406 0.210698  
9.75 1.12669 0.0935637 0.224148  
11 0.983469 0.0531867 0.187689  
13 1.08804 0.0875123 0.196132  
15 1.03356 0.121807 0.185741  
17 1.38326 0.270931 0.254312  
19 1.03776 0.261689 0.208582  
21 0.738457 0.315998 0.27748  
***
